2670
247
9777
1983
7845
3185
2880
8882
8103
519
4311
6857
5796
7384
3784
191
9147
2892
2609
5955
3851
7552
1767
342
7808
3714
7865
888
2266
5358
3693
4720
6157
1778
964
1317
1586
3939
5166
124
5387
9404
162
5197
9715
3209
5654
537
2867
9658
6181
5412
7796
9657
5546
795
1644
654
9350
3648
3555
1808
7778
6385
3739
8784
2182
6236
2510
3981
7906
7589
4951
7022
8394
181
4302
7357
8167
8545
2139
288
8385
5291
382
7349
6998
6861
1557
995
2121
5966
1068
912
8509
6811
6340
4440
6718
5502
6455
7637
9160
2526
8142
1411
1349
3097
4036
1180
1782
8726
5146
7702
7260
3178
2479
3227
6665
7299
259
1005
9716
5543
7727
3101
7485
2423
2325
3670
4790
655
6874
8913
1278
1020
5709
3446
2470
5442
8416
5640
3616
187
8204
3984
8116
6258
3920
3506
3167
8667
6897
492
4124
3932
7869
5773
5701
4296
4827
4269
121
4261
1392
169
5165
4088
9098
322
6729
5938
3942
7653
6184
7782
4753
9277
1737
3759
6210
9667
4505
8071
2854
6088
3057
1930
9472
1109
6498
9832
6189
237
5252
5027
6815
6897
8862
4695
1710
1951
8983
6714
9502
6009
6020
7317
3417
2159
5741
3200
5308
689
4803
6327
9821
4673
2811
6533
5357
9649
7526
6861
5805
4421
1969
6738
2415
5537
2918
5237
6888
3584
4315
925
4205
258
5859
5990
1801
7737
6114
1140
33
3593
2232
2881
4035
6270
8632
5665
7599
8860
8366
560
6420
5729
5857
5192
8874
169
6296
524
8494
1916
5713
8295
7798
5511
95
8102
2312
7839
2872
5189
7974
8714
1036
4027
4369
7625
8377
4712
8930
7172
4051
5630
3812
1316
9611
3069
1332
9245
7932
6768
7355
4425
1165
7044
1224
698
8234
8319
7577
3337
6537
7458
2352
734
7951
2782
6841
3157
398
1075
8123
7014
2250
6872
9211
9046
4577
5479
2456
5503
3780
2332
7993
7856
8548
9165
2705
3196
4284
3966
9661
509
6133
8785
9208
267
7233
7614
8720
9741
5587
7620
8602
8390
9935
6792
2606
7591
9656
3275
9712
5142
1862
8456
7148
5935
2674
7344
5856
4082
6836
1443
9937
7856
513
186
7020
6820
5971
7074
2183
4254
2190
2279
1810
2044
5822
3170
1898
8677
3694
7972
2734
6835
5594
5253
2996
440
7342
3361
4499
195
6953
7113
8768
1293
5604
2267
6716
2078
2529
484
62
2900
7548
9321
1765
7550
2056
3206
3449
1804
1916
7811
5366
4986
3753
3182
2449
8380
5215
878
637
887
4526
4531
140
5902
1326
2503
1346
6497
1642
9541
8722
6232
8766
4785
2560
8805
9055
7655
356
9185
8957
3101
2693
7517
8877
2740
7536
9963
1459
4583
5075
143
6203
8347
2364
9504
6234
3198
4749
509
2706
9945
793
9851
7188
9833
6885
9440
5217
385
7460
7156
4281
7049
4401
4592
6173
963
8451
1353
1502
115
6555
3599
4650
928
4577
4198
4680
2831
959
6212
8511
7677
9039
2040
2420
1022
3983
7575
2638
2903
3086
4185
9470
3027
5135
78
7390
4247
8179
4977
3832
5459
9691
207
541
5116
4321
9168
1896
4803
5988
5024
8920
3162
6986
1761
6022
7065
2896
8159
6325
7597
6011
1416
636
5932
6802
7310
4386
2246
8362
2985
5
1520
8762
6666
7275
5895
6001
2447
9810
9691
4435
4009
2508
2727
5597
9256
6277
5636
2157
7214
4134
6582
6072
8932
9359
115
1130
284
8348
9343
4275
7139
3639
9239
4014
4560
3246
2679
8055
4844
4064
3677
7031
256
6837
5914
9768
2241
2426
6484
3102
6777
1230
9546
5349
5484
9961
2427
4357
1617
4796
6249
9090
9817
1131
7122
7279
7044
3376
9374
8655
9457
1792
933
5584
5372
5626
3341
461
6971
5774
8103
9132
5362
5052
6482
3059
4677
2650
1365
6892
5353
3023
4902
1788
4894
4122
3843
7863
6842
3161
9301
5451
2596
8400
7984
1836
868
1864
2856
1893
6049
3975
6854
1295
4994
2796
1127
2109
7382
1273
9931
3308
1776
615
3870
5833
2877
9105
5571
9259
9005
5202
2710
3302
8014
2011
706
4
5924
8014
2879
6678
5314
5833
9801
5425
9
1857
5282
904
596
9924
1829
213
2113
6904
6103
4434
5250
9726
9653
3123
7038
9721
9770
7861
62
7736
8401
4706
3392
23
8956
7556
8904
8009
2337
6621
5829
7231
5806
9251
269
1716
2524
8484
8440
2333
6001
7307
2
3010
9716
6180
933
4095
7862
6185
5846
1789
3358
9232
3572
3323
5815
8852
1344
4959
552
8731
7491
7570
8176
6737
8125
7524
4464
7751
902
7045
1659
4128
1417
2888
5024
4006
7737
3651
130
3179
8623
1362
4917
8944
3935
2498
3563
4661
7007
1556
2811
169
9524
6397
8173
1979
8202
5986
508
2562
6238
9552
5332
8274
3373
2715
3771
5041
9294
2444
2588
6064
5551
6946
9511
7618
2883
8686
6208
5811
4195
5562
8279
2180
1587
4036
7902
2980
7123
4558
6020
2253
8399
213
4752
2302
3979
6865
6207
886
5245
7821
960
4875
7910
654
6396
3902
5630
6722
8622
5471
3043
5318
8861
2115
6360
4324
133
9007
861
8444
5153
7947
3132
8823
8913
3915
9613
9762
5146
9021
8111
1310
169
7594
9115
4326
349
5868
7939
5881
7870
6497
6057
3723
5403
8806
1319
9677
4130
8644
3458
2303
6860
4892
9711
1362
3312
3597
1087
9832
1255
2536
6960
8881
7357
332
5227
6105
6305
5545
3251
5804
6772
3241
5307
6275
8958
3640
4397
6732
9142
9175
4459
4009
1385
7808
5132
5088
70
7463
4174
2399
8433
7895
613
646
635
7171
7155
9069
8409
9158
8106
8084
9793
4653
8705
3404
1973
6714
9662
948
7900
1948
6808
8487
2226
1910
850
8493
7475
7598
1961
7959
47
5888
6999
6859
4186
6850
2959
6500
3824
6630
9710
4480
4441
288
9526
4195
6870
9466
6449
340
1793
7357
1938
884
3928
6170
2143
5779
3763
4670
7065
3155
9287
4840
4662
1179
3272
7579
8847
4380
4082
9254
7734
1779
2936
9405
5243
1372
4884
9342
376
9364
6755
9160
7646
3035
8757
9818
8193
9692
5241
8852
8233
3761
323
8306
2681
9295
2096
6926
9566
2439
4963
7392
6406
5023
3042
3943
5859
8498
4801
4993
8453
2233
574
8587
904
9676
4139
4695
8483
4556
2779
5049
7235
323
4995
8322
7998
6237
416
6626
8703
4341
3542
4897
6807
4474
9460
4821
5536
3232
8387
9971
7607
7707
1507
7558
99
5360
7450
4462
4611
9095
9690
8474
7080
6209
4452
7874
8435
5345
2160
2020
1591
5989
3564
208
5616
56
5186
7878
3026
8186
2040
1947
891
8192
1224
2319
4508
5269
8986
8732
4100
9823
2243
1362
612
7803
3888
1450
8560
8216
9495
8865
755
6723
6050
8045
2338
7861
6103
3564
4787
7505
1607
581
8055
352
4838
2109
3795
4010
5160
6760
6109
866
8872
6893
2386
4535
1000
8275
3648
9954
8795
3552
3155
5941
453
594
577
2129
8773
4991
5116
9250
6193
2388
4233
6083
1202
5584
221
6332
8289
2174
8737
6901
8965
4881
9899
4208
3717
2273
5050
4983
5608
6750
995
978
6823
54
1520
8183
170
9524
8541
6453
2290
8304
2419
2526
4900
8868
9837
1636
2813
6514
8150
2436
118
5196
6253
8418
7965
7551
3519
7108
6152
9298
138
9177
2843
2627
2270
6925
2103
9752
2837
9335
9480
7067
3753
4206
3474
2909
2655
1568
8433
4878
4383
1171
6599
5957
9326
202
7941
9199
8951
915
4405
1473
9822
363
8331
7786
6243
9935
1321
1242
2813
3545
4510
3458
9133
7446
2753
7894
9290
7601
7565
2606
9278
1764
5729
9298
3269
3927
7133
5576
1105
4860
2400
6591
344
7253
3091
7109
7115
9874
3793
1206
1894
8656
9637
990
1513
9580
5496
8930
3566
4718
6594
7962
1771
539
8395
4684
6419
418
6289
6388
3657
1108
8972
7397
6254
9254
1027
7806
2524
661
9237
8118
9731
3647
45
8189
3245
1412
1149
7295
2501
1856
4323
3324
6677
9463
2721
8258
8228
1682
491
4960
4568
9252
9935
1174
7997
821
4343
4824
4844
7280
9661
7569
3675
9932
6117
1384
3957
640
2346
2939
1686
4148
1196
9392
6657
4083
1515
6928
2252
5547
8304
8564
9954
1940
881
7213
5199
115
8892
1484
5049
5585
8609
4294
3119
8622
6907
5606
7550
3729
7702
143
4907
4630
9709
9842
1433
810
7478
2661
920
9101
5475
5564
5351
3196
4976
2903
1513
3062
1183
954
9911
5333
5119
3604
245
8206
6157
4285
5871
9560
1782
8873
2218
9977
255
7435
2379
8223
1370
9801
9196
1501
2303
4921
8974
7046
8863
2395
1410
6482
9080
8763
2280
8829
8956
8342
8797
2543
2039
2065
3227
4461
8496
1489
1402
2790
6023
3496
3095
1015
6395
9128
7344
4617
9804
8832
8056
6406
371
1814
5784
8073
5503
7810
1308
9113
600
5729
3115
6910
2454
6771
8172
9160
3859
3818
3834
4676
9677
5047
2662
1728
2104
8773
9746
5780
4204
6716
6324
5023
7378
4692
3076
178
5558
1131
2097
3198
4801
9073
7829
8557
1128
9051
475
1725
5467
865
2253
4339
7459
829
5821
2864
7156
410
6885
9315
3539
9880
6488
8688
6884
3548
3576
1195
1889
8171
2933
6004
6919
2896
5427
9690
4974
2434
114
6544
7955
2966
1575
2541
6439
7491
2239
1720
4155
6628
3351
5366
956
9031
6915
9447
6816
2856
749
4162
9613
7450
9869
3465
6369
8451
3145
9950
1374
6169
5365
8469
3297
9472
9310
1471
4351
234
7872
1886
1983
5867
1251
7438
8808
5482
5
1484
4432
9317
345
677
3304
9922
7838
354
6163
4352
4504
3903
4950
6298
359
3282
8884
2463
2236
5538
12
3855
8240
2301
6339
2004
1637
3044
9983
9971
2605
5714
1802
9194
4348
6581
3007
5071
9937
3053
8684
9875
3185
4820
1957
6976
974
3646
3721
5865
9416
3705
1881
1733
4849
9873
1094
6785
881
3128
6668
9552
4498
2331
8952
3938
6100
9538
7867
339
6800
3696
8872
5660
3452
7046
3392
6410
1413
7226
5033
8915
598
490
444
6951
411
6466
6983
9927
7890
6524
406
1195
5735
2460
3050
8709
2740
856
7169
6685
9029
5899
1060
6865
4060
3238
6417
5238
6277
1323
3616
1876
8766
6008
7335
7995
3907
9796
3918
7039
5434
4209
3405
9120
8959
1651
2571
2747
893
1379
2374
3232
3423
2998
8108
794
816
5980
6205
2567
2793
2339
3428
4772
4730
4367
3891
3827
601
4932
97
7904
637
6640
504
8161
1028
5489
4831
7947
4061
764
8447
5432
5672
1202
5456
4340
4297
8595
2608
5010
6492
4166
2528
6501
5598
6830
488
7464
473
5846
3329
2692
6205
6484
2437
503
2411
1472
2377
2994
7494
6821
8984
1623
6379
675
1536
1833
3313
2912
671
230
690
3328
6444
1815
1056
4272
36
7620
214
6184
692
5156
6442
9266
9052
3684
6884
4173
5940
2456
8246
5115
7669
8199
206
4951
7337
1093
7829
3696
8152
9070
4439
6748
6571
482
5635
7363
4359
2810
9917
5984
6567
3741
9716
4039
7660
7000
9888
4695
1851
4343
3338
7413
8335
2233
4218
3629
2535
7813
6720
4846
557
8347
1195
5809
988
3271
9180
3210
8157
8753
8542
802
1638
640
9264
4262
3540
9128
791
635
9017
2192
8021
1418
5339
3014
8363
1034
8384
6664
6399
7961
2206
2714
1136
3725
8490
4762
8841
4300
1162
5442
3044
6142
2313
7069
5920
1563
8593
1318
1997
6807
3339
1440
4044
323
7581
5945
6428
7113
4190
1686
8134
1906
5546
1596
7153
4881
3463
1879
8483
7298
6473
448
9749
9968
8604
2865
4501
9612
4824
8002
9598
3348
7761
4100
2140
92
6428
4510
48
240
5714
3272
3892
9111
1365
585
6673
7932
1048
441
1859
1152
1159
8571
2565
9127
911
5704
1097
9764
700
5801
7226
5932
5777
8203
4311
3830
8418
8049
4642
9258
2339
8697
8137
7221
118
3975
9955
673
6626
1715
2000
8591
3076
3386
5911
2951
798
1180
7145
2332
9225
4979
331
6362
7232
7406
5310
9268
1019
6849
7797
3353
7537
2474
2180
5674
5330
2762
9956
7088
5858
7569
1860
9757
267
5096
895
5681
2176
2761
286
6360
1846
5002
2823
2031
5666
521
4484
9248
4219
5159
3319
5273
8664
8162
4570
5459
2010
6304
7265
4742
3127
4179
5000
7746
5832
3441
8327
6492
6618
1910
8819
5785
6038
4913
1273
1581
4273
6136
2556
8940
1832
4412
7965
4085
7973
1520
3220
5054
6074
9312
361
7483
7764
2295
7782
7044
5090
1605
9157
4916
6925
8890
5800
2159
8112
6497
6762
1331
8220
3352
1970
2020
5747
927
7553
4472
3648
838
2879
8522
9600
5108
870
6763
4027
5947
7296
1274
5994
6760
2093
7962
3874
6189
6826
1799
2495
9317
9100
5413
1929
835
58
3909
9514
3684
3266
3912
1968
9098
5235
711
6599
9621
9550
2789
4569
985
758
3946
1177
6702
7326
7420
3214
3577
8831
2682
57
3166
6490
2480
2879
5750
7826
6824
6948
1170
9538
8182
7105
9909
950
1047
5184
8798
2919
9404
4211
6880
7890
6317
737
2038
2045
1675
137
8352
1063
1581
4202
6742
6239
1787
3993
6960
587
9749
121
9546
2245
515
4415
9326
2150
9549
6817
2597
5557
3437
4944
4338
1775
930
6861
4880
9131
629
995
171
7439
463
7826
6973
1378
4822
303
6443
1379
9299
5906
265
8425
6548
9794
7914
7037
4568
2970
6336
3596
9578
4081
9285
2942
8035
7488
5675
4548
9863
7833
9352
4012
1996
2430
3281
1423
1988
7072
1155
9016
7531
9590
7583
1958
1124
437
8864
1804
6781
4903
1547
5644
7589
6947
2048
6306
1439
6867
9659
6022
904
4789
5125
7336
3003
2113
6970
4828
1602
867
7238
9534
4449
1551
2420
1217
2560
9944
9802
9903
8842
5975
4001
6114
6772
2200
7474
3404
6020
3537
6091
6544
3514
7128
4172
9510
8449
601
7476
9587
7720
4408
7190
370
411
9963
741
1052
7939
7387
4865
6346
5066
8213
2317
8995
5693
4954
7515
3474
7538
1918
4435
3258
743
6946
4754
4595
7174
6864
4801
3540
8342
7793
4282
3249
9421
5820
2794
4810
2877
6027
4436
5033
2685
1071
9779
4867
7914
2205
5107
1537
4443
8034
2261
3698
760
363
4160
3359
2437
3099
7179
9998
4544
6513
581
1815
1252
2467
6800
3676
809
9564
4147
1614
2600
2322
4101
1691
4418
9810
4762
3103
3344
3154
9567
1332
6146
9566
2698
7873
5562
2534
3133
4810
1867
6615
5822
4947
3781
6672
7340
4633
2345
365
7434
1534
1283
581
3374
5060
5524
3162
155
5314
7044
8595
9470
586
4162
5936
6719
7041
6863
6280
8306
8856
1697
6078
752
2027
3220
2363
5193
8711
5183
9794
6998
6507
8737
3239
8609
1773
6255
4189
597
7707
1385
8536
9848
6632
2799
100
3135
7009
5124
6115
5566
2403
5888
7579
5599
8229
8988
4476
9548
9355
1839
4045
4646
6841
1022
5484
7120
6180
9790
5677
2579
4465
4927
6461
5920
9722
4251
6478
8294
1330
7351
6107
8113
9109
2080
684
9484
8542
2433
6571
7085
2540
585
7601
3319
9468
3113
7630
7477
3457
950
5
9697
4963
2948
511
4229
7935
7383
2582
7034
7228
1914
187
5981
7589
8979
811
6169
7000
6219
9178
7159
344
1884
5920
8798
3941
6478
8824
5011
7286
641
1050
2048
5004
7104
483
3568
4213
3416
4173
9935
7514
832
8784
9671
9489
2735
4589
3935
6398
2127
2531
5972
3406
9925
9449
4510
8165
9618
3318
3820
9384
1624
5217
5273
5524
930
5222
2413
6697
6903
7917
8478
9511
1556
5618
1712
5671
6023
6192
9066
5974
1918
1047
7549
2448
6776
4542
1779
6129
1601
3589
5825
7879
4476
4210
8370
3205
6249
8103
8709
7723
7294
1083
5184
7118
1574
8966
6759
470
4980
1053
4943
2500
2012
5615
9066
1474
2095
3323
873
2541
4438
9928
2473
7692
9016
6943
4466
656
8053
5204
1670
700
473
5835
6185
5970
7736
2728
6123
520
3529
2796
9503
3762
3119
8456
1263
1768
1844
8125
7167
5008
5812
7006
6806
633
3009
4293
8095
8665
8623
3063
8808
9205
1131
7870
4657
6790
4161
8631
2330
5528
3332
6397
1154
467
8538
2698
5586
9995
2283
20
6905
2892
4621
5247
215
6270
5640
2383
3866
9760
4612
8361
5371
2256
4279
8550
6587
1400
7166
3631
8350
5025
5944
1711
8331
6665
10
7163
4836
1020
4054
1168
5614
277
6078
7411
7341
6200
6708
2596
3720
3824
425
9358
2933
427
2010
3962
6748
6733
5241
5194
3184
1225
6067
8163
6674
3067
5657
7987
2019
625
9542
3942
3873
5773
3684
8378
3480
3936
8443
806
5727
3203
9545
473
8616
852
5143
8119
9745
6435
3395
2815
7698
2560
2631
5130
652
3757
7478
3281
5831
6408
816
4087
684
8250
9892
4092
49
7010
4843
380
5512
398
3027
182
5600
3276
8027
4175
3511
7965
5268
145
3946
1222
4791
893
2884
7128
3584
6775
9979
703
5958
9936
9098
4391
3833
3143
3985
8903
7912
8155
558
8555
4278
1808
2884
5013
5206
7425
9356
5563
3724
7401
6408
4874
379
7082
7137
2369
6745
6801
9071
7801
206
1566
5951
7648
8414
8581
315
4335
5841
4874
5939
8796
1421
194
4374
735
5986
4791
299
6326
6215
5345
4987
9279
5482
6630
2576
5781
2630
4213
2128
1785
3368
3854
9492
3719
9679
6170
2710
9137
4041
3195
1919
8665
352
9494
234
7508
3880
4500
43
816
8636
5372
6338
8910
4564
5923
4061
7032
9756
1497
7779
3078
1113
9723
9327
7990
374
2206
539
3396
7066
546
4836
1066
8541
8239
3520
1200
9651
2178
6741
306
6952
9715
7930
4204
4182
1081
1252
1070
8439
56
7022
1510
8025
8801
170
2889
4363
98
2143
9642
1022
9346
1809
7453
4677
9882
4100
7837
7705
4271
9927
9074
5048
5027
5739
85
2988
6510
5501
5488
5784
9332
9046
6187
1588
7298
5682
1631
4812
629
7373
632
6673
8768
8766
4941
9207
6028
7971
2880
7814
8436
5800
7248
395
7995
9457
2611
9054
8746
2803
1160
6583
8154
8416
713
8428
480
996
8838
8517
8549
9627
9436
1856
4736
5572
5302
4756
9700
5356
2225
862
5816
9063
3938
1774
6957
184
609
8416
8446
2322
860
9378
9274
9593
9395
5543
9190
9228
6070
3517
722
8070
6378
916
1562
3267
9823
9018
6856
9040
3876
1904
369
1278
7257
1960
9091
6398
7602
1662
2036
2211
6660
2476
9525
5759
3058
4212
5017
207
4947
6244
2994
1687
4701
1237
9381
2803
7413
582
9339
920
5601
3549
1361
8557
4767
7943
8889
3778
942
7625
8912
3022
9252
845
7852
3973
9139
2848
3220
5366
7806
3599
63
7436
9115
5112
1574
7683
1072
5385
3026
9629
7158
5753
2142
9359
6844
1439
1649
6414
6595
5674
4986
8877
6395
3839
1566
2844
9500
766
4096
6106
4808
3487
3125
7445
3529
8755
9819
2185
6869
6975
2457
7909
1191
2795
2475
4082
7365
7967
7274
3340
6768
4999
8887
2475
6647
6170
897
5177
5680
9130
5284
5671
613
8446
5761
1327
4241
2719
4591
4055
1664
8950
1041
3399
7701
6221
5519
2
2214
4272
9454
1731
5149
5480
6186
5511
8173
4665
2495
2236
6971
6962
4910
9506
5787
9668
1741
6151
3012
7610
3242
3294
6283
265
3165
6553
479
2674
4785
2594
2614
4699
5083
4741
841
2527
4812
6629
9118
4051
6104
415
5801
5477
4403
7413
8212
9031
7550
8801
6042
2968
4885
670
1518
2202
1788
8210
3841
7917
5539
5383
4440
8405
6989
4834
8268
4067
234
7959
9453
4663
8899
4105
5620
1684
6488
2512
8995
3469
2295
4804
2385
9562
4321
60
2043
2522
9606
2338
3104
8807
6655
165
513
3085
6949
8643
6802
5532
7673
6408
2904
5198
1124
3252
5126
5496
4985
7515
9460
7316
8906
486
9935
2849
714
4101
8828
2466
7517
9669
4500
6964
9804
9610
1332
7713
2430
9366
7097
9194
4049
4983
5271
5998
1409
4608
1381
1499
4082
887
5897
7366
2046
590
7061
5806
7264
7588
7664
2573
7645
1170
1739
3345
5241
3469
294
3491
951
8078
5911
4018
188
5126
3045
168
5181
3323
7476
3005
8582
6970
5377
9770
8158
2132
4399
8392
281
4270
8154
1824
7531
4683
572
7536
1957
6721
7309
1703
1715
4246
9279
5773
6792
3708
9161
4009
5774
2875
7509
501
1365
9448
5455
5487
6565
1264
7931
6937
2931
4350
9168
9521
3113
9696
8288
4724
8090
1083
560
4999
4723
6800
4627
4223
9118
4766
3469
8676
2479
5686
7348
7163
7607
2156
2922
2622
2447
9518
8814
6893
4892
448
5440
2110
2388
2156
3366
897
4050
3785
8805
1719
2453
2681
4874
2169
2355
3881
847
5425
3623
8511
5963
9586
6644
8974
7352
6224
8114
8754
1850
5322
9141
9722
3920
6876
1156
4452
7974
4076
3152
1706
8552
2296
5554
6392
936
6262
6112
7916
4720
6206
1662
3463
883
6929
1251
9131
1294
4996
5500
9895
1816
2716
7380
1729
5015
8789
5012
7929
8178
9607
9758
9351
2345
6934
553
5248
7284
1104
4364
7746
3558
4659
126
4453
4224
1170
7585
9810
9838
6128
5856
6446
7917
7006
7348
8735
958
5405
250
9612
1451
7174
4224
6343
9060
3461
2183
4837
5315
272
337
1779
9687
1668
9168
2287
5835
3370
352
9070
3106
3163
9895
3089
9402
2605
9691
9286
4846
7031
886
2388
8265
342
2626
8029
9293
7522
4446
5150
9787
6738
1147
8799
5864
3091
8684
8430
7731
5677
8808
9051
7328
1983
150
9534
2916
5180
6103
1008
6284
9588
2889
5356
2256
6276
8318
3476
3579
3688
6521
829
9758
866
1122
4296
5384
8630
2534
4449
8351
8965
3389
9697
383
6990
8040
611
8460
4623
1292
5679
241
1881
9869
1024
7841
7444
9747
9572
431
3334
4362
7284
968
7487
5705
6401
4505
7509
2971
9981
9011
3101
2581
282
3549
8490
2388
874
8411
8670
5956
6579
4492
6401
4934
7781
7665
9831
1223
4711
7722
7067
8184
9443
2226
7916
4008
5253
8907
4899
2968
4912
7970
9058
6764
4032
264
5003
605
5493
6607
1692
5975
5000
2360
8073
5602
4331
9599
7353
2324
7326
4550
6153
9585
4366
818
6714
235
3118
5763
8988
5078
9793
9784
8597
4750
9804
3588
9216
4560
412
9195
6064
4043
1081
8249
1464
3994
2362
8212
6844
8327
1287
4379
2541
2569
8337
4010
1850
9209
4561
3939
2673
9766
2590
8645
1472
1717
4961
4949
698
9909
6050
7181
7705
4248
4179
1436
1493
127
1171
7660
3494
2453
7330
5834
9025
3737
5039
9461
314
5062
6822
6293
3320
6548
25
3764
4502
9720
3553
4715
9042
8986
9764
4956
2024
3539
1003
2711
5691
1641
602
4419
8096
426
2035
9908
5025
8876
9055
7114
2289
6422
6431
190
8787
1923
3101
3700
776
2317
1752
1204
9315
5681
5878
4750
2953
6385
5126
5498
2273
6917
6748
9315
9556
300
2087
1760
831
5312
5942
4598
5596
195
6523
2574
7792
5108
7432
1036
6234
3330
1285
6654
3937
4356
5594
5633
48
2012
2609
8187
2221
7744
2311
8993
5470
8913
6745
2796
9710
6634
6627
9947
1298
5104
9011
2564
4753
4164
1300
691
4860
1075
5615
6308
961
1916
7815
6721
3597
67
9142
436
2823
3442
1382
6148
5163
3149
5407
177
1935
7980
9432
7533
3453
4840
1532
271
8567
7320
5209
5867
4988
664
4086
7315
2178
754
6474
433
5117
3016
9448
3837
8783
2667
3749
5108
2315
3770
8330
2949
9902
4880
1074
8780
4268
906
8650
7398
5141
1843
9622
8463
6565
7312
4672
345
9270
7609
9865
6167
3906
5246
3196
3352
6769
2863
2809
5739
8290
4024
9918
8741
6031
8030
4460
3334
2477
289
3076
6405
7568
2850
6719
8594
6449
5508
9356
4417
8386
6344
6953
9005
2592
4783
2203
9217
2164
9358
4399
9610
9900
7812
4031
1645
7422
2226
3660
1621
6009
9045
42
9203
6303
2131
5765
2153
8863
6621
2204
3333
5350
9686
2685
2153
4560
7666
9182
7708
1392
4943
5242
8510
8467
6460
850
3720
3497
978
7521
9764
8260
2416
7826
129
2961
6421
7155
1385
6215
2279
3943
191
2204
3849
5913
8401
7835
6372
6985
102
6278
2628
5468
8908
1815
1196
5621
4334
6397
2610
8144
7724
9914
1448
5060
1268
1873
4531
6691
2135
6565
9731
1024
4915
493
2246
4690
9739
2413
8577
8300
481
8103
5514
8086
1411
8561
2828
2523
1353
5104
9424
7477
1829
6998
638
4494
128
4659
3299
3819
9354
8142
3702
6283
3687
410
5916
8507
2125
7527
8390
6788
3068
1516
7111
5725
2624
4237
5765
692
6860
5410
6818
6352
2012
8123
7240
7465
4060
3166
2471
7273
1739
6935
3275
8593
990
558
6598
3533
8694
7508
7154
2906
2187
5078
8477
7278
3374
5615
8667
887
218
2187
5885
5663
981
7520
7202
5364
1352
6982
7733
6449
8215
4102
3570
4572
6294
9226
3318
288
6915
5250
4726
4475
409
6837
8898
1255
5603
8813
3767
4845
6544
962
6263
4665
8546
2337
7319
9254
680
3785
6272
1221
1353
7048
2565
1503
2127
7836
4108
6781
4238
8181
3925
9855
9175
5853
2656
7051
7684
5012
5203
7883
8853
1137
9073
2506
6067
3187
779
8611
3374
2162
8785
9006
9930
1822
1211
7802
8609
1266
5385
2703
8037
4015
6082
7916
2109
1485
4094
9514
2531
6433
5154
9707
9506
2929
2982
983
4866
1959
4136
5213
2395
9631
7067
1947
5943
3971
2598
5065
1157
3118
3951
1423
6575
6640
9205
1930
4048
2234
7015
7861
214
7877
8511
3508
8496
5894
1428
2851
6692
2266
8082
6622
784
5936
6935
1239
7772
229
4619
3271
7793
6512
2447
4660
3636
1188
1899
6700
8764
3680
747
9353
6006
1614
5248
9422
9809
8094
9725
4863
658
9845
7241
9596
4036
1853
2158
2970
8668
8496
5068
4151
576
5512
7915
7317
3673
9599
6028
7802
7150
2280
5553
127
3291
6501
8396
7083
9130
8252
5136
3933
2912
537
6068
1593
9170
8859
4995
598
384
469
1258
2653
4814
953
3648
8196
7747
1222
5372
315
6847
6862
4961
524
964
3152
7679
7675
3646
1461
5648
4567
5426
1088
4640
345
1056
9543
7320
7925
7656
2356
5063
3176
8600
6788
7399
3956
8242
8074
6100
8273
7765
2823
4456
3485
9994
1631
7584
9794
3103
223
3834
8141
2129
8351
2015
4498
9344
1713
6447
4804
2403
3812
1731
6239
5632
9020
4384
1251
2943
9012
5129
1392
9434
6959
6621
7486
4408
174
102
6117
414
246
823
6068
9394
8907
3457
9832
1294
4645
2615
6562
2280
9953
3967
5678
7717
342
3273
4661
2733
6106
9005
7841
5251
9491
697
3620
5565
1526
4685
5742
4739
1096
8319
7792
4934
4866
7688
6345
5424
6478
9481
7863
5913
627
7689
3129
595
5323
7390
3532
7213
3515
3257
1882
5650
6188
1384
9764
4804
1842
3706
2977
2705
5174
2297
2698
556
657
4009
2597
3009
1720
1535
7001
9592
5444
5517
1229
2296
1732
5829
8183
70
3836
8119
368
1083
1922
2686
2909
1415
2793
7626
9368
9590
6030
2908
4900
9418
6740
9255
4345
2630
8633
5417
4165
8733
4769
1708
4735
1193
5765
6511
7815
2808
2843
6761
4751
2897
9777
9110
4697
6709
4846
6944
7137
4081
2288
1106
3064
2914
7484
4108
8675
7235
1484
8190
7310
3496
5758
2325
2204
1978
5211
3569
9725
2822
6908
8456
2579
67
6495
2502
2668
6041
7115
9829
8698
3423
4764
395
6071
2821
8591
8227
2750
9553
9948
5832
1966
6044
4345
8443
4379
7579
5627
4163
8816
4668
3368
8140
781
7594
1797
5987
6315
1004
8112
129
7908
681
4077
9299
1665
3555
5840
1099
1722
9841
5122
5698
7350
6291
1250
48
7467
5227
2171
2902
281
1765
6360
9054
8701
5664
9781
4424
29
4993
567
1935
9571
7186
7091
3594
2620
2163
9744
7086
3453
5023
2282
716
6961
9858
9588
6190
9391
9466
4539
8592
1552
2161
26
6060
3961
8136
1582
9645
5953
2258
8517
9103
9002
1709
9231
2797
7643
7356
6248
5768
1870
8805
2291
8764
6237
6370
3628
8743
6419
9051
93
4679
9130
2347
4626
7811
756
7045
6742
3316
6375
2077
2794
2068
8545
3638
9697
6376
1883
9965
7473
9782
4911
4491
8064
5187
2700
8042
7204
9603
3043
8612
1827
1866
2639
8245
2316
6816
1015
9249
8627
7392
526
2165
1557
6137
1467
2164
3398
3661
4369
5181
2278
4195
6242
3472
7608
7018
6084
7167
1436
3217
791
5087
3056
6933
415
9311
8965
2935
8907
381
3607
4159
7488
8408
2504
1403
6728
4183
1130
4430
6152
9432
7055
5997
4373
6194
3779
8123
9692
2994
1615
1101
29
1784
5643
6252
9913
5749
5439
2715
3965
8519
747
2840
326
2167
3293
9947
4213
3340
9911
3921
662
1222
3582
2060
3913
4292
7129
4729
7475
4948
489
9089
2989
3656
2470
1552
1774
1331
6334
4121
4152
4983
1987
3237
8185
8714
5203
980
5475
5725
9125
735
5682
2896
1261
5424
2189
5636
2523
4711
3380
6270
8863
7063
4922
9744
9405
3820
2621
6097
7309
2898
1382
3418
5172
7823
4581
2736
5795
4330
1229
3605
4915
8176
2212
4869
7559
3243
7300
7509
9810
2453
2924
5651
2977
3480
9193
94
602
7717
3623
4215
4469
9008
859
877
2211
5671
1756
5213
1135
6781
8211
1747
798
3489
841
7022
2754
5518
9418
2201
722
5142
1087
7221
6439
9279
179
2272
1439
1272
6905
908
1045
6168
6205
8018
4279
1221
2600
5440
998
6915
8117
7190
2761
7807
9278
1876
2268
7077
3225
7124
6850
1874
6775
2657
9356
8217
5242
3485
2373
7742
5168
6763
9451
6684
5253
260
4190
1623
9037
6520
8788
8293
5149
9282
6677
4973
6223
9165
6864
236
5881
6915
9337
6010
2085
81
3994
1682
4243
8175
561
6988
4
6182
3244
1729
7990
3261
7472
9360
1869
8831
5087
1209
7429
8451
6203
9355
9393
7427
9196
3455
7717
7452
6021
8451
676
3281
9300
4505
8756
2250
1164
1884
4562
5649
7209
4564
7265
7407
1170
619
9805
622
9991
433
561
4858
5208
5415
7290
3863
1474
6077
5766
3136
1022
3882
7834
1563
9730
4118
3557
5513
6533
4573
2370
7531
7872
5060
7704
9493
4463
9517
6922
726
5109
5746
4667
2881
2189
4397
7347
7608
7843
9308
5068
6843
3651
1136
4879
8390
5231
4295
2090
6987
5088
2850
1737
2913
6883
8780
289
8608
6161
456
5542
5763
4136
5311
3298
3680
3235
5625
8286
911
8656
8025
6030
243
5767
7300
7732
2439
2121
8799
7125
7470
1789
5486
1045
9841
2580
6825
1336
2174
4655
5882
2947
7754
7598
8527
7714
9135
7539
3074
8416
7778
5562
8586
7558
9504
2330
5960
3938
1282
2452
3948
8704
3480
1488
8569
6574
1146
9081
1191
2243
7041
5392
2188
1092
7674
3815
7901
2745
1850
3782
125
6761
7952
9989
1987
5345
4906
6519
135
561
1021
5029
2374
2808
2597
2527
4243
3139
88
6613
9470
5414
4987
948
8244
5665
1448
9014
6680
958
9247
8494
9135
8451
4967
4420
8782
2208
2080
8749
4558
9757
3245
9929
4910
6084
7836
4100
1629
15
4837
9137
6412
1351
5041
2127
7870
1788
6499
6682
8160
7227
5529
9099
1307
818
8080
5847
9181
2954
9895
2091
466
3439
7608
468
9713
1066
6217
5594
6009
6280
140
4023
4110
6441
174
9919
284
6586
1065
5533
1244
5709
1971
8259
5478
2128
8604
1596
8074
1540
4644
2631
1232
7528
5319
6012
6513
553
9309
3323
8260
3146
4352
5969
92
610
5672
6561
9461
7829
7892
8511
1066
4655
720
3073
8517
5159
1578
656
9243
5452
7732
3193
9672
3619
2561
8195
6443
8141
9191
175
5564
8943
7317
3975
25
6504
1349
1285
2591
5841
3975
9726
251
4144
4575
5165
3180
49
2901
5286
7814
3749
1660
7688
7564
2484
6591
4705
8533
530
6665
6125
1544
8629
4973
9151
5355
8369
9205
7218
257
2277
1573
3483
4741
6249
8573
7494
6979
2202
9397
5701
4519
5120
6992
9278
6136
5971
163
4739
4699
7154
567
8090
6312
4366
36
9634
241
5810
386
1292
1103
4928
8139
412
8959
8065
5908
6493
2751
226
7340
513
8413
5934
4303
2220
2151
8439
8846
7391
7951
3323
9096
3361
4418
6699
5274
9618
9629
3213
8636
4237
728
8456
2289
2370
9692
6072
1281
7606
1518
2157
1405
7046
8982
811
3063
1811
9443
917
7989
7535
1358
2517
6699
6504
7211
4536
672
7279
6089
385
404
2379
6731
8034
74
101
6001
1427
5682
8384
8238
4277
6464
6522
1309
1058
8726
2833
775
5292
3946
554
3587
7027
810
2823
6666
9964
6390
9817
7638
6371
1022
567
4936
5000
6225
5598
2177
2678
7399
1166
343
2292
2091
3205
8121
6987
4748
4426
6213
3635
286
7648
3387
682
7486
98
4862
4378
3258
1356
6391
6082
3563
4289
2137
852
569
7266
9420
7092
9257
3867
2626
5156
2973
4762
9827
1456
1843
6667
5344
2989
3176
982
4624
6273
6535
4261
614
6797
9407
9943
1954
5925
6368
7841
5268
6636
6397
9965
6324
6737
8829
5560
5762
2218
8665
1770
1917
3138
7308
4915
8600
3221
4894
9007
4172
2269
504
3309
9473
4777
3844
8308
6682
3137
1746
7239
6104
6392
6434
2592
5489
6771
3953
9275
1948
4787
145
1134
9637
9484
3940
7045
6226
5195
2283
1305
6851
6478
5119
4775
7664
7341
9701
9891
2419
4912
9406
5265
5136
8820
8715
9241
4266
9895
3832
9740
4533
5583
1448
4571
9785
4467
8906
5453
9154
6786
7493
9460
4819
4549
8798
7255
2685
6878
9597
7296
7932
1375
7263
1288
7264
4083
8515
4640
950
1885
7124
1116
4375
534
5639
8677
8439
98
8256
2224
5153
7750
1497
5944
8599
8010
509
4570
3023
9853
3381
6815
9209
3270
5711
5634
7649
5688
1787
4337
9523
5903
6147
6532
4553
9431
8305
7208
3095
8829
6260
6405
5921
3063
308
8218
4753
2805
7215
5892
7768
4413
6475
735
5411
6114
3714
1448
6026
1984
2453
2386
7366
1371
2906
6337
7621
7996
678
4978
9494
258
3301
5639
9016
9759
3171
3356
8519
435
9540
3126
8601
3006
4427
6656
7169
8593
252
6690
96
9609
7580
3486
6157
4267
591
3333
3753
9059
2877
4129
562
6600
8378
1028
5154
933
7543
6905
9279
3302
5374
754
6911
62
5686
6500
1408
6181
2548
1674
3762
4090
301
2839
361
7140
472
967
9620
4230
6468
4153
5650
5859
2427
9348
3813
4606
8791
6363
4001
3098
2037
9313
2097
6085
1705
3718
7237
8318
5207
1954
9372
7426
7878
2568
8452
7567
3973
5929
5288
228
2596
977
6482
3969
4055
7182
7075
4203
9295
7691
6402
220
2290
7054
9438
8076
1441
5479
4773
798
2609
4969
253
2710
7420
3677
2357
7919
160
1921
9742
3230
3285
3659
5213
5937
3378
6231
2349
3526
7053
6343
1903
5950
2929
8293
8368
8795
868
1415
2519
2108
5387
6340
626
7997
7350
2411
7141
2985
6468
3927
4910
424
6519
2998
367
3881
7221
8215
4728
4579
5966
2157
4146
1847
5250
5549
4410
4038
9649
3423
366
3244
5320
1650
1699
7771
7140
6154
8445
1420
6240
876
5439
2097
7362
7009
7748
5610
3626
4777
8700
9999
1846
4914
4385
4780
6905
7673
9809
9260
5829
9708
7657
552
9587
8281
3642
5463
3580
6340
2315
9191
3564
5393
3469
735
8798
3974
5821
5990
2457
2224
1464
2500
9483
532
5279
2205
9676
8866
3397
5832
9443
5060
9743
7334
3762
8142
9808
9992
3446
2918
5795
9248
3624
5280
1288
4895
3207
1895
507
3502
2082
9364
1204
7978
3200
3334
4820
3574
1283
1515
9234
6776
5877
9048
544
4890
9812
7615
5370
1883
4988
4529
9399
3395
5544
2481
6850
9858
9454
4849
4826
4769
1982
803
3956
8207
2761
1390
6646
4445
6256
9343
3757
323
3460
4301
414
4790
1055
7963
7326
6352
8580
575
6850
7588
3594
3716
8535
1839
1593
3251
9474
4160
789
9047
5659
8674
5885
4931
4896
553
3407
8183
7642
5054
4766
6453
3924
9458
8579
11
4036
5321
3779
9534
5382
7182
6907
4119
3143
6224
5421
6163
7548
6256
5038
3341
1036
795
8713
8159
3869
5966
3706
4268
9550
1417
4172
7542
9777
4452
6931
8287
9536
7551
7362
4490
8129
4752
1777
5934
9285
6474
7837
1953
6248
1426
7855
2734
8145
371
4120
4216
3944
8714
2275
6394
581
9558
6546
2927
2841
9569
276
2723
2118
6912
5468
3948
7368
5763
2834
2856
1891
133
9583
6728
3891
5277
9259
9950
5218
2397
5273
255
8863
5519
3011
9561
7805
7660
6994
610
9959
1999
2840
6612
5229
46
4036
7932
8986
4894
1421
3855
3014
9847
7512
9023
53
7517
1219
1289
4266
8319
3001
8951
5258
2542
9743
6658
7427
1383
4877
8872
2724
3732
9566
9650
1486
8950
9371
2909
6808
1124
9916
5653
2140
1086
6582
2787
8353
794
1868
6978
7314
8767
9942
1749
6335
4083
7184
2153
732
6539
7855
2267
3161
2857
8913
2474
6727
5797
7005
5134
7484
9196
5548
1443
620
5828
7370
1968
4734
315
9915
7527
77
5413
1858
5644
3448
1302
95
8347
246
8608
3638
8955
5211
5538
4853
829
9462
7106
5012
2877
6606
2445
4531
8036
6456
2383
2893
1891
5702
5223
7766
5651
8287
5599
9472
1366
193
5158
8473
167
300
4647
7082
4551
3243
5082
8768
56
5609
2815
1687
199
1701
18
6149
4917
7488
1306
4317
4966
1341
3612
8435
8210
2237
1889
132
9816
8904
534
3544
6519
2437
3863
7972
2424
5517
2187
2091
5141
5349
5520
7414
2770
9128
6043
8911
8161
9690
826
9401
6372
4638
941
957
4574
7808
7432
3630
9934
5977
5951
8212
2711
9447
421
7265
5085
1919
8668
9302
9126
6028
2222
2730
2358
6247
4578
3165
75
3599
6344
61
3231
8198
587
9361
7804
3152
8627
5844
1958
4767
703
8485
5175
4063
2896
7532
91
9171
1777
3525
2833
6718
7774
9390
6034
2270
1115
2350
3823
2084
7481
9144
2864
5341
2936
2289
1094
5228
3598
4845
5165
6413
3606
9017
7327
7649
2129
9631
1203
9727
1215
3364
8919
5870
7346
2186
5320
9239
1388
5219
1172
7818
4068
9165
3545
9349
6780
5996
6259
7229
4859
76
7313
6428
1326
5480
212
2788
5286
2760
3052
1466
3414
1032
894
8509
1437
6133
8467
3746
2006
862
9100
1021
279
4248
5090
251
4744
867
3839
3948
3976
2151
2093
4593
878
8950
3933
7821
5884
5696
662
5142
3276
7416
1353
4154
4127
2642
5564
6714
9513
618
9968
1307
5530
525
8204
6613
2001
3234
6819
6362
6865
8373
7456
349
4471
3495
4168
439
5458
7125
5469
7228
4397
3664
4351
6153
4904
395
8112
196
4426
3315
5373
8724
4115
9066
2320
9945
9619
8005
2246
6092
9775
758
2378
1937
7242
4513
2077
9260
7941
7432
7961
9471
7849
3064
7940
6774
1013
1442
4664
3937
3933
6665
4622
7002
4349
271
3996
9289
8603
2973
7770
8403
5259
8843
2557
5600
3639
5216
1186
8397
3702
83
3940
7935
6497
9680
9288
4841
2693
2128
8325
758
6701
5172
5949
6262
8900
8802
5423
8737
681
4008
8423
5094
8130
5510
1118
722
6997
9128
9124
5024
4964
5724
9365
6625
7268
9390
1484
2915
4828
3230
1740
7308
9860
4545
9739
555
7555
7879
3867
24
4349
1672
1705
6319
9073
8921
6009
9148
8766
338
9823
242
3177
1937
4040
4855
3662
3920
3662
5663
4628
7495
9352
183
7383
9064
414
4929
4697
2646
7110
2753
853
9043
9428
5034
8644
2075
4317
4321
3488
2282
1624
992
1967
6107
8359
808
735
7058
8743
1029
9014
4060
8922
4501
2332
6149
4083
2496
5566
6646
6960
797
3603
2610
1785
6376
1661
5672
2140
4917
6226
2276
8285
2423
4000
5863
160
7748
2395
5381
423
459
7520
4414
9530
6155
874
8733
8519
9464
8276
8711
8556
6676
3618
4753
8417
2582
3764
354
4948
2883
3602
5229
1526
7223
937
8047
8594
8398
9709
1328
3712
6327
3473
2980
2743
8717
602
9433
6911
2694
392
8510
6984
7768
1509
3438
2280
8196
8141
9666
2295
6120
1801
7051
1732
6785
9324
6696
50
8428
4233
9986
6151
1180
4116
2152
1269
1442
1388
601
6845
742
1520
4886
3045
4207
4050
4589
917
2217
9626
8741
218
5533
1063
7081
2478
7469
6226
4394
7494
9818
4527
6774
9183
1313
5539
2038
8973
3769
3041
2328
9431
953
7243
5656
9788
8954
4397
5287
3527
2902
5142
5885
3428
7733
5775
5013
1864
6217
1496
1498
1497
9511
5716
1884
8158
934
4308
6679
4315
9990
2921
35
2844
1050
7877
1849
8453
1257
1524
3100
1735
6908
4011
5700
2876
3221
9605
278
1922
5752
7385
366
9277
718
7041
1834
4012
766
3575
8453
7409
2450
8961
630
3295
1249
8234
1224
7832
9492
6223
7997
36
9133
3220
9454
9691
5884
6078
8586
7930
2924
8207
6949
1784
5103
6895
2295
4619
6205
438
3159
404
9929
815
8254
188
1168
7803
1275
3897
6533
8143
5012
9003
8306
3382
4385
5322
6194
8080
9751
9037
6605
9026
380
353
3741
3614
1329
1524
1067
220
1878
928
4418
2480
3448
2213
6490
2300
593
6812
7561
1291
7297
4194
1597
4370
1817
260
284
9963
7328
4980
4433
2736
4516
2036
1771
8507
2292
9042
6207
2154
7379
4496
9636
3776
5482
5045
2068
2867
17
4691
8542
9109
667
9279
3452
2919
4569
3553
1953
8445
4443
2679
7976
9249
4568
2639
388
8878
6621
7770
4616
725
6466
2677
3948
6282
7026
6274
9293
4529
4780
1110
1450
4456
9036
2508
5244
6620
9896
7230
1792
6359
6096
9824
8172
2795
2521
248
345
2327
1519
7142
7068
231
3047
2231
6140
8467
1930
6963
7044
7132
738
1673
3430
863
6617
2339
3192
2364
55
1505
756
6284
1826
723
8917
5361
1969
893
8459
3217
1668
6700
7692
96
3024
3805
2299
423
587
7915
6945
3934
1211
9087
2394
2611
4640
5184
5476
1013
4159
4833
1598
8618
6999
6057
8695
3721
5033
4405
4421
8099
1363
3834
7905
7394
586
9954
1106
3415
805
2164
8378
8600
9498
9744
408
4419
2388
666
1659
2134
5222
1326
2681
6321
5569
5655
3033
5695
3776
6128
6020
1423
2816
8512
1524
4508
5707
8333
2872
9010
6431
575
7943
4829
1398
8907
3317
2272
2047
7373
4532
4603
7956
520
2220
5116
8595
5683
8290
6441
8757
2033
4046
9930
2555
1232
5168
6004
1736
6958
5098
4737
7811
9150
827
334
47
2639
1079
5410
9758
2595
9709
7009
1655
6253
5461
4628
1344
5861
1302
8040
512
308
4477
8685
7172
2881
4960
176
9711
7305
7919
9939
632
710
4666
1521
4732
997
5341
1437
2551
5598
344
8953
8723
8127
3429
32
7635
7512
5920
1156
9223
5135
4879
6669
2704
6247
5054
8590
7605
6533
9700
920
8403
4189
5703
1114
6526
1308
3067
9134
7922
502
4691
5316
9119
9407
4599
8635
1788
9265
6333
9534
1895
2599
9993
2603
2416
1046
2180
8366
9361
5658
3582
4158
1959
8688
8485
50
9172
3580
4621
5558
6668
8622
2207
2162
1707
536
9081
1592
9169
6062
1480
1598
3932
2267
3718
5803
3190
2002
1240
5373
521
1404
213
423
3273
1021
8902
6518
3069
2942
652
8199
9776
2755
2022
5315
9344
8498
4324
3777
5711
8277
1941
620
3681
4945
2648
9828
6582
6886
7796
6628
5059
2927
141
8999
3775
1942
4111
3410
6048
8141
1509
9040
9916
9824
1454
5391
1763
1761
2417
6147
6956
8112
1613
3444
738
795
3182
8581
7645
6109
6392
3539
3432
6795
4071
5025
1202
4280
8299
1526
9769
5619
6350
9320
2666
6948
3137
7358
2377
1890
3126
8800
262
2618
8583
5130
4240
3550
8857
9740
9105
1271
1972
9764
9150
7457
7434
8736
9592
3704
7545
88
4361
8654
4507
9819
7876
1190
9872
6412
9094
3356
4685
8890
7618
4834
7864
3075
4277
3430
9470
9542
3122
4058
394
7061
3225
4410
5234
4488
4082
5440
1838
7253
810
3890
1990
9201
256
1921
1641
6243
8346
2503
7234
1100
9184
2420
284
4996
9326
1769
5915
2413
7898
8821
3406
3150
5295
6944
6907
9266
2262
2655
799
1682
6222
313
9179
7504
4115
8897
9399
9822
4682
5724
7280
1601
8532
1855
316
5560
1792
5335
8987
3611
6671
887
4172
4101
5391
9398
7217
4105
4232
4299
7313
1711
7231
9088
259
6393
9244
9943
4301
4454
6305
7988
7997
2542
6516
2655
6559
3609
2444
7922
2060
83
9065
8596
5879
7957
7622
860
1483
5982
6466
3247
396
875
5382
8444
2416
9482
8676
2353
1066
814
9969
1283
4827
4589
915
9623
2233
7039
2283
4728
8472
5368
1232
8579
5568
392
6318
6833
6811
4399
3373
3960
9150
9066
7268
7024
3593
4066
7980
9935
6654
2764
427
5763
6607
3015
8436
5912
8756
4560
9320
3096
1813
9141
1796
9306
574
4011
8155
7229
5566
8642
1923
6277
7940
3485
7741
8026
1700
3159
2344
8644
4259
7991
1547
9593
9967
148
7036
7683
5861
9870
1816
4612
9471
9474
8105
40
7442
4039
2931
6817
6552
5158
1151
2597
1541
8395
9079
6896
295
2800
6798
5927
7819
4759
711
8058
5644
3361
1585
703
9668
8323
1178
5741
5573
8028
2718
1387
9657
3582
7621
341
8110
9958
6906
9965
9386
3599
3279
7731
4960
2132
1120
3004
3970
9722
348
3142
4480
7652
3260
1449
1796
5891
8638
648
4312
1757
9788
2371
6678
3000
9794
4322
6352
6305
6041
862
1589
7086
8832
2782
3906
1170
838
6536
9725
9121
5674
4218
1161
2794
2900
529
7598
8138
2233
862
897
749
9717
5162
9637
4057
7652
9736
5469
9070
4774
6663
5824
5811
6461
4933
3895
9120
7398
5446
7559
163
4981
3583
263
7940
2550
8340
5829
8816
9915
1567
1508
7769
3497
7990
9835
5961
329
1018
8007
7152
7826
9024
1411
3720
518
3660
5079
3527
8497
5373
3212
4929
9203
1899
647
2060
113
567
1145
2211
7851
5128
2070
502
5700
4891
6522
375
1945
2269
8814
1423
132
6952
9864
754
6693
4063
8821
9973
7144
5446
5983
1046
5840
1830
6120
7009
41
8467
4416
2097
4344
1696
6650
7006
235
8579
9558
2200
3541
7974
6223
3288
917
9099
1157
5122
1538
8361
1098
4635
9544
1041
8953
5233
1643
4389
9391
9303
784
7852
6349
489
512
6144
9964
8107
906
38
8388
159
3179
8351
291
1669
7627
3273
5844
5439
2830
4831
271
8317
9791
9604
4147
4877
8276
5061
1371
6161
4649
3418
2422
7778
6013
4434
4229
7193
5559
8454
3231
2063
5588
2073
7270
4997
5216
449
6604
8099
629
8667
851
7169
4634
3976
7985
278
5811
16
3823
4931
4532
7196
8407
4649
385
6126
777
3911
5524
6379
6066
5879
2414
7494
4194
1515
1308
7989
8804
6230
6300
5708
2064
9659
1121
9726
5002
6555
7413
2876
3670
132
9074
7308
7298
7663
3429
4441
3492
9523
122
8745
2919
2523
2063
4244
8574
1207
5830
4745
6624
7918
796
2039
1900
5812
1241
1577
6146
8434
7903
6917
3787
3859
8166
699
3167
794
4685
7408
6391
3707
4870
6717
1003
2659
4392
1512
780
4118
6439
3789
9777
6139
7242
7283
2046
1223
7905
1537
7995
4779
2819
9898
1595
8186
9280
2873
8531
9887
7248
9071
1854
1332
9298
1914
531
6593
3995
7268
1950
1808
4963
2415
4382
9410
3688
6734
6689
8245
6564
9368
5713
7261
5506
8469
8228
3167
4362
6218
9071
2387
3237
101
5717
6013
3356
7585
9990
1860
3375
1358
3133
2516
957
2581
3265
1722
3053
8230
2652
2915
5699
3017
1475
6523
5164
6913
6578
9497
3137
3475
1470
4693
3485
5475
3713
7786
9095
3396
1225
7334
8520
6922
9206
2589
4301
3431
3610
804
5013
7175
4504
4346
5301
8516
8725
9606
3876
4972
1995
7338
8997
2188
6741
6029
4013
4600
9184
7899
2396
5134
3417
9948
4075
3036
6346
4083
4332
5192
9948
4995
7850
2570
1167
9998
9614
3698
5560
8949
4766
3277
5185
4606
4020
5507
5580
1261
5498
5569
2130
4268
2895
2710
5130
1866
3746
5682
4097
9139
4697
6344
2510
3744
8758
1481
8342
7403
5388
5940
1640
3164
4190
3980
4305
906
707
5051
3086
9773
8515
3187
5633
3395
6001
6474
2627
7277
3448
2797
6444
4123
620
4222
9715
2027
1402
6771
6588
4104
8047
2430
6850
4223
1411
9311
1540
7442
8073
7102
217
918
2017
9602
5252
703
8004
804
878
4994
6140
2118
2595
9345
4139
6648
4539
8836
3451
9261
8931
768
2979
5346
513
5873
9311
9933
1346
1273
9729
4445
9296
4824
1160
9954
4695
5194
3634
911
8982
7729
3153
4202
9186
5684
8989
2201
1369
8078
7649
3478
9821
6211
7542
1449
3099
9530
7068
5251
9951
5474
1902
139
21
5344
2930
4931
7826
3357
2060
1995
8098
2756
6977
8314
3887
8665
2986
9118
7705
250
1724
6823
6060
2335
833
323
8855
2677
9995
503
6780
1981
8701
2223
5764
1936
2444
2260
418
920
7706
7356
5376
6010
8737
9355
1342
9572
1710
5026
7359
4134
3398
8113
3030
3356
7604
3539
8705
9129
1650
4648
8798
7909
644
7782
4169
3553
3891
3074
7821
9399
1164
7388
1330
7582
2092
3316
1700
7924
6171
557
6427
4535
385
4491
168
6919
6367
4384
9718
523
648
5687
9981
6154
4125
5684
4610
4185
775
7262
3069
5934
1491
8776
4023
306
3701
7629
2813
4491
2025
1169
2830
9164
4499
7151
900
8177
6510
6623
3922
1005
5683
8949
1147
5658
1740
859
6802
4680
2395
3815
9200
5138
2893
8782
5709
8462
9375
6570
3607
1939
9248
6486
8090
8940
7183
8480
9512
3599
370
3993
5904
2423
9258
7847
4050
7706
6394
4695
1699
1081
5982
2362
8936
1908
4736
2221
1122
6890
5202
3828
3747
5310
8727
8432
3519
7212
3545
5520
3948
8713
28
6191
7721
3882
5505
819
5494
3926
2268
6198
3905
4915
836
3721
978
6367
1064
5481
3040
5529
3513
3750
5289
6956
7037
8051
7492
4940
8839
6658
9127
2439
8746
6267
2413
424
5035
4509
3820
9402
1730
4772
480
8666
7726
3442
2625
7043
5840
4673
2734
6608
3342
6487
7246
312
9491
8322
6388
3773
7993
9898
480
9733
954
7507
6330
4776
3419
9716
9346
9230
1816
666
6532
2202
1153
5777
265
6176
3263
9084
3429
7067
7673
2166
7046
4012
816
1294
2189
131
65
5240
7110
8951
884
220
6411
8278
6958
1164
1293
6471
6464
2438
4568
6249
1751
3011
8473
7264
3548
4140
1967
5487
8138
7466
2974
6842
1660
1286
1263
1310
7138
6195
9074
7527
337
9349
1045
253
8348
2747
4303
2477
6418
3368
1994
5139
973
8927
9245
6689
6832
1961
6073
6464
4181
315
2747
509
5251
2641
8596
9994
9395
344
6078
1350
9172
4499
2992
5019
2643
8853
4631
5226
3019
755
7040
603
9892
3548
6869
699
9374
7010
3082
5174
1618
3324
8874
1153
1769
2070
8264
6485
2428
441
8195
3717
734
8037
1760
5606
2414
4902
4189
8815
8254
1987
8801
7628
2316
8635
3202
9328
1142
3365
460
23
3483
4928
4467
8043
8462
4983
8544
6976
4095
3331
296
3667
7912
1333
1340
8173
2216
7917
3419
3356
9755
3568
5374
6909
1608
8112
7876
7154
760
5553
9873
2755
2568
9460
2109
3857
4252
6231
1252
9086
9689
4183
6064
3570
3087
3353
3698
9090
8706
7542
9508
164
2667
4645
1624
7687
4548
1668
455
3662
4362
5093
6378
3062
4823
4691
9559
4123
1307
1075
5862
4956
7241
8022
4600
7932
2333
5754
1181
8540
8068
6480
6264
5665
4053
3280
5250
8131
4821
16
1088
603
5151
1371
2887
235
392
8562
4708
6455
357
8673
3871
2621
8761
4773
1306
5949
8175
4033
4043
1773
7794
8021
2963
8425
6982
8341
2772
3529
6440
8261
3997
7663
2231
2185
3709
7777
3541
507
6448
2635
8718
1149
6283
4738
2354
5480
4917
8571
7372
7303
365
1318
1259
589
7753
8580
7601
5566
9156
4989
8398
6505
9498
1898
94
1095
4088
9042
4334
8676
9355
7080
3689
6017
5880
2371
4778
3017
2345
9574
6696
7923
2227
3241
8611
9419
8504
4149
7674
735
9918
1691
2454
867
683
6330
9053
3278
234
9124
813
6187
2579
9027
746
7543
4991
7541
1679
8390
4187
8395
8502
6889
4302
4274
6807
8455
1301
5552
5561
2114
669
7843
9737
4253
4828
6621
3747
6905
7725
6335
6350
2223
7066
55
2608
7285
5053
4759
2983
8576
3543
1969
2965
5622
8246
4578
4783
5476
4960
9890
5541
6743
2741
6677
1603
6752
76
7498
3745
9034
3507
4180
4714
2456
9309
6863
1998
161
9372
597
4705
8789
2042
1657
3085
9601
1780
6091
7078
470
4604
4847
5103
8007
4865
6160
4189
588
1814
5628
3407
590
4673
6702
8288
1655
865
184
4398
3995
3562
6087
6187
3200
7672
7971
921
1571
6181
4770
1398
3702
4346
5980
5615
7001
4611
3831
3105
6361
2652
178
3108
9120
8382
6287
3194
9067
2553
168
3260
3229
5461
2089
2988
6232
6655
6840
5553
9907
1021
6568
1860
3706
2544
3088
4596
9979
3105
6885
6740
7466
4467
2005
6586
4069
388
1281
5737
4760
8972
5084
6763
3280
4589
2902
5071
6323
6378
1746
7897
5875
680
4956
4226
3838
1751
1855
2338
3835
226
802
2734
9503
3818
9145
5023
7864
7107
2416
1289
7154
7869
1018
5406
9960
8343
1085
1023
4578
7821
2369
941
8023
3066
4408
5905
7529
1072
9302
5401
7935
5557
1518
433
5379
5805
4037
3632
8746
2139
3251
2215
3504
5013
3223
7233
9159
3827
3131
2891
4757
7424
88
6593
2226
6535
6197
8484
8732
6380
4705
5844
4001
8110
9410
2227
3504
8069
8222
2937
7661
5068
3426
7622
7941
4437
7985
4713
4832
8553
413
7884
1968
2835
5214
2741
6562
9715
2088
7454
5805
7768
6229
2071
671
493
4069
9498
3529
8997
1639
3440
6494
9639
1111
6375
2881
9553
6282
1676
7258
3001
7066
7741
7027
8974
9788
1342
4997
2632
7617
1310
6947
9350
521
2770
3586
7468
3202
2558
513
7227
832
2240
6263
4094
3300
5504
4403
2064
6382
912
6876
8435
1710
4268
5939
2078
2542
7387
7732
7381
5710
7328
2543
9587
8390
1451
102
3865
8123
4192
4309
7966
2950
3659
6005
9521
3582
8877
6986
7012
9574
1729
8080
6816
3641
67
5935
2228
3456
9873
4808
1805
788
4403
1974
8323
1887
584
4289
1141
5156
9929
1385
7575
7363
5330
7375
166
8754
902
4100
8571
1174
6044
4559
3358
6195
6567
7056
9483
6636
5656
3293
766
558
2058
3963
4948
1855
4332
1738
766
1799
290
7316
8294
1052
8962
1270
6766
6392
4981
3010
4591
3774
831
5525
1207
7558
725
5680
2417
9595
4911
3806
7521
4686
9421
1568
3735
7166
9704
5142
4768
142
1707
7494
1544
7395
9829
5013
8120
3536
3616
602
9867
2059
7225
961
3723
4081
574
0
3524
4535
8838
7019
9801
3365
4918
8994
5455
1583
9841
222
320
448
1362
5175
6314
4834
4694
6944
4348
7275
8891
2396
8740
4466
2561
1707
4709
6661
2898
2470
3112
2192
7663
7822
7537
9315
2308
1934
6424
7839
3251
2052
7145
1006
113
6518
6081
9726
7817
8677
1825
7024
4263
4077
9102
4526
5545
8339
5126
7971
3728
4455
7519
6828
4744
2031
985
8510
1494
9375
8285
2828
5234
6706
7383
3830
5951
8285
108
2045
8420
1238
8656
6368
951
9741
852
3018
520
6512
6156
5310
134
3648
8430
5139
5906
6717
3010
7687
4680
5285
9463
3959
9410
7955
8969
7510
6180
5443
301
355
2856
3419
460
4202
5210
4656
3570
762
5279
9300
2719
9195
10
6685
8692
812
6640
7354
796
4846
8249
9616
5063
2971
9294
7694
336
4867
639
720
857
1747
5016
5543
2352
7244
2795
7446
8901
7280
2219
4993
8891
8081
5162
6535
7761
6575
8520
4513
1257
2205
1533
7293
7258
8594
165
7511
5008
1525
4495
9091
5299
4726
7973
8127
3057
7832
881
505
2749
6610
6151
1877
2930
6604
5654
1596
202
8793
3686
3923
4461
6601
5161
7473
9818
4284
4948
2282
8503
4961
7227
2940
54
4484
541
4404
5848
2284
2518
4152
5272
5500
9420
5308
1708
2726
3082
4052
1838
9225
7928
5263
1722
2805
9206
3695
3817
2217
9692
4583
5795
5240
7832
8826
8012
5640
5676
6883
3253
6915
2910
8239
9531
6464
5744
8428
3745
2162
8778
4391
1723
3016
8900
5111
2112
1210
6663
6282
4662
303
8159
3538
4771
1919
814
5657
9371
6565
9331
3973
332
1585
6593
2714
400
1428
5146
9324
7794
7557
9181
8908
903
6732
4535
3952
4787
8544
7903
2446
5065
8238
3053
4289
8357
1933
1335
1189
5713
7765
7228
1904
5313
9868
2208
1873
91
8580
4863
2434
9969
133
5717
1063
6149
7708
3788
9189
1935
8356
5358
9434
6631
6707
7667
3370
1355
4458
8856
8425
7852
7918
1989
5715
5269
1503
8455
757
1889
4629
6350
8360
9132
5652
3435
9557
1685
4883
5245
2788
7824
6926
2900
6386
1561
9064
1045
7745
6875
8169
3526
2939
8623
2968
6144
305
2905
5216
2567
7199
5892
3455
659
9588
70
1366
8556
3278
1652
3052
6273
7235
4367
3564
9330
1666
4342
1394
7943
4444
2612
8750
1964
5400
2306
8923
6228
8770
7141
5245
3740
5944
8848
2986
374
2960
6824
8788
9949
7403
9856
9251
2210
5071
8303
4629
7505
4043
1505
5188
5517
7656
7968
1498
2844
3269
2231
1682
3761
4647
9751
3809
8351
901
5785
9884
8476
4149
1331
318
1787
6219
154
7890
4252
7528
9174
6890
552
189
2626
8994
1137
897
5321
3867
9165
1380
1630
410
3720
4820
7694
2874
1910
5583
6390
5124
3560
6078
4439
3486
2770
6681
2305
2608
3097
4528
2419
1272
7339
4089
3305
8797
1163
392
7113
7561
3223
4733
8201
9394
7998
5686
9331
5054
9280
4375
6531
4211
7024
4214
7097
8698
5080
9983
4254
4526
5670
4613
3857
2852
3943
9107
8327
7659
7257
3803
6524
4500
3016
9299
5141
1062
5712
4335
9950
9612
8150
2272
132
3315
2155
2672
7570
4968
8307
3404
9116
3826
9571
6170
7452
760
3064
3282
5143
9243
6604
7655
9481
990
8459
3233
1194
5316
7188
2989
6250
18
3952
8723
6344
1825
8751
8682
8584
9451
409
309
65
8705
7158
6750
1986
2344
1992
5088
2132
1927
672
7971
7284
1719
5977
2565
9184
1866
8715
3182
1852
6372
7065
6880
1790
2678
7786
6388
5441
7553
4047
8087
696
5411
3378
3519
4437
3389
8169
2211
6390
510
9951
5178
511
797
8581
6978
115
606
3752
4560
5306
3355
2851
8315
2803
3954
7731
5477
5345
8413
4396
356
9771
5662
2287
7960
4360
9718
1194
4529
1926
176
4718
4622
369
9147
2740
757
6875
1670
6556
4270
9266
1487
7011
2390
4616
8327
4981
8741
4375
8117
300
2340
8797
9472
7003
9511
4797
3164
807
1176
2678
3301
2955
7189
3943
6824
880
1997
2250
353
2425
3400
7322
8317
3933
5438
3996
5602
7171
9007
1717
107
7715
9548
5585
7507
8219
6151
573
1383
3096
1587
6020
8127
9609
2373
8394
4503
7318
6470
4527
7199
5580
8993
8765
8332
9085
8633
8919
6748
7044
8770
4979
8784
9370
354
403
6399
341
6168
4917
248
2662
6651
7951
941
2804
2075
4234
1524
924
9683
1638
3809
3899
1551
6295
5384
8810
7383
4391
3550
8586
9504
9126
848
4004
7347
2779
2066
34
5218
912
3097
7178
9265
6406
4853
9942
3933
7458
131
9856
3728
1681
6218
5083
8828
7115
4459
5360
5328
3544
3788
2268
2407
151
1408
8368
7213
1268
7482
2997
6685
3492
3825
4014
1565
9977
4969
6622
576
6227
6799
9654
109
6593
6368
748
8674
9861
3620
8714
1873
1303
8089
6656
7854
4736
316
4734
1881
347
8198
2687
4359
1067
5055
4905
7710
3592
9521
6285
3398
2912
1459
5476
6345
3812
2282
1642
2197
5838
4670
2689
8786
8430
6192
7489
9397
562
9838
2397
2956
1771
3961
2337
5770
1012
8022
6023
5062
6072
9160
2030
3868
5113
868
8134
5509
5186
5184
3979
9549
3295
1581
4867
6134
7277
2721
7049
9485
5913
972
3636
4196
9175
1448
5126
2206
2148
1737
6567
3269
4531
9822
9700
1708
5574
6922
2741
5713
986
6826
1838
8973
7096
9981
1230
9921
1135
3732
2430
4671
5032
8077
4631
6018
6860
9197
2940
7928
4912
20
6863
6378
2825
4732
6570
3138
3896
1589
713
7744
2857
1612
9566
6259
6768
9042
4252
8990
8177
2050
3965
7184
4300
6744
1280
5132
9688
2379
3304
8427
3913
9751
5404
9239
3113
2705
6556
6581
5902
1892
4582
3677
2952
8968
9537
9610
58
6834
4796
2456
3782
9610
3115
897
8885
4160
7418
7309
8824
3719
5481
8790
7801
7806
5072
226
1269
342
5968
7050
6307
7952
7529
7809
235
5835
8131
9152
7624
3318
624
2608
5629
7417
6109
9464
2024
9519
914
5656
2339
8609
2068
6711
1899
9664
6723
1564
2347
6200
7821
9437
2249
6718
6715
7222
8567
6409
5307
4446
7776
2619
516
3363
3339
6238
9783
6554
8520
5227
9017
4371
8833
2624
2637
4456
6567
978
8110
5992
687
2329
9277
2909
3731
5751
7814
2988
8928
8388
523
7990
1159
1620
3763
7586
2007
1397
6326
8566
1113
9053
210
5473
1742
2853
1646
4245
3458
8387
1529
8838
8835
4287
9906
513
8855
5202
1199
9796
3028
1009
1414
2880
2237
9859
2452
2054
7086
3087
5856
4234
4901
1655
1525
4716
7881
9187
1183
9472
4908
5841
4977
321
1324
7832
4984
1351
5622
5936
6023
2999
1805
8519
9699
4219
3808
5552
8608
643
4785
1715
2709
6266
402
8817
8534
2198
8366
720
5446
7072
6978
965
8996
3309
4734
5891
1854
4442
4842
8176
532
3646
7408
7067
5259
8281
9322
6643
6237
9671
6336
6984
3339
5361
8340
6289
9120
3927
4927
5907
6650
8837
3132
5901
4825
4184
8060
9736
9077
6961
9456
2102
1331
79
6989
7021
8632
4744
1703
170
9720
5963
5910
6734
5695
1815
3960
9181
1357
7771
668
8627
7697
4051
5033
2675
3974
5509
4548
8598
7921
7682
3606
5000
4743
5127
8068
2292
9241
1992
6904
9097
2172
3912
3073
4128
5174
3434
4625
2333
5454
7195
7469
7162
7727
2538
7585
2433
7085
4411
7745
3129
6980
7016
865
399
6691
5382
9711
7437
2705
2575
6612
1884
3080
3905
3614
1474
3739
596
6442
8215
3073
2015
4284
193
3378
1165
5232
6491
3541
2870
2204
5090
3171
6027
5947
2820
5943
7872
1292
1143
4791
7922
9506
8839
5826
1596
7875
5565
320
3033
8456
5015
9507
5614
7268
4724
3062
2618
1815
1243
7147
3964
6974
4181
1673
1743
3371
3087
4041
4642
5728
6923
2642
8298
293
8958
7908
9924
6779
8773
7695
5575
5443
2843
2613
6470
7314
6253
4079
9307
877
2043
9673
5631
9365
3278
3988
6202
4442
985
3315
6050
7842
5805
1857
8170
8210
5364
9464
6411
2742
1496
7261
3794
1867
3667
9399
3647
4594
8862
7620
2672
1801
427
9885
1225
3824
8386
807
7733
2296
7997
8068
120
1157
5797
1502
7142
919
7782
5000
4911
4208
2051
4439
4333
7809
4053
1907
5381
9493
5366
4547
3682
7238
198
2645
8220
4601
4563
8523
4944
3141
6906
2394
5597
2998
7676
5645
7475
7056
5196
7177
4464
970
1684
1217
3505
7223
345
8145
8305
5602
7911
2323
6881
4491
8097
806
9749
8115
1622
2591
3692
4648
543
2070
3233
3589
5436
2822
3131
7345
2523
8195
5140
4531
4351
7417
7240
3481
2027
2590
1478
5570
9891
9649
6169
7737
5086
971
1403
8360
6385
6142
6378
1856
5682
6990
4819
7631
7687
7765
532
2145
5154
7915
2487
437
9247
3418
2589
8356
6798
9125
7014
8354
8303
3948
8004
5960
1253
1967
4065
1885
2129
9329
7289
68
2433
9202
3313
8042
9464
776
4806
8507
9049
3454
7313
7540
7153
5195
4114
8411
9764
8780
3376
8238
5771
5232
7261
9461
9047
1196
851
7352
8167
5498
1087
795
5770
434
4559
5654
5938
424
3714
5203
5029
972
9637
94
3979
3844
7788
5889
9391
8910
869
5809
5100
504
873
64
827
885
5236
6441
4021
2895
2213
7209
5190
5289
3585
2905
5884
5173
6497
1376
8233
9636
6190
59
9233
7189
6254
8897
4313
5032
472
8839
9814
7745
2850
2050
5921
5771
8885
7586
2518
9770
1849
5799
1103
7032
3199
7792
9925
9722
6079
4540
8688
5509
483
8791
4240
7646
5515
5670
5094
4503
9232
8737
9796
6868
1222
1984
4910
8432
7561
6042
2180
6669
4980
4265
4863
6612
3888
4579
3589
3058
6233
2767
3584
7443
8867
4968
6290
2980
3557
1667
3295
7711
8477
7398
6676
9763
6475
2497
6272
2115
5467
9365
9997
305
425
7513
3365
4505
4248
3498
5734
8660
2737
1425
3265
5921
7
4846
5197
2571
5164
9837
2051
3517
7089
1736
3459
9826
7341
8958
5376
225
7575
6203
4179
6051
4614
556
9832
724
9193
9530
6659
9568
2713
7803
3387
8454
5960
7171
2756
3901
2530
2711
7428
3
1116
4237
3538
3782
9658
1932
9381
6361
7355
3214
4084
3564
7003
1044
3107
4872
7096
975
4933
8146
5318
6791
9492
2808
4493
6191
1490
1241
8609
7594
6483
71
4678
6143
7609
329
7250
1631
2396
6669
1932
5321
5305
2456
4813
377
8700
9058
2897
3453
3538
8877
9124
6851
3174
8886
68
4420
2804
7520
6184
8988
8817
4871
4304
5547
8779
7207
2376
9638
5881
1973
3948
3312
8003
5322
2611
6795
6370
7878
1889
4719
4245
7553
1350
6354
3916
63
3256
5395
359
6465
8469
9280
4574
4764
6222
4919
4025
5338
9534
554
9467
468
9502
5214
6614
5526
8654
2468
6570
579
9257
5538
1134
5359
6925
7206
3782
83
4814
5903
9110
6364
7981
8745
4712
8863
5022
4942
9390
9140
5936
7870
5009
5744
5189
4702
3759
8973
3804
7671
612
6205
4576
9832
700
5717
7762
1329
385
5083
8346
5216
5318
8131
3343
2126
2537
4289
8195
3914
2172
9987
622
9713
3784
1220
4321
1293
2379
8752
734
1048
2698
5147
4861
3289
3906
380
1117
7981
9504
9566
4550
19
7053
4050
8868
1438
7822
237
3527
8359
2944
3661
7379
7275
304
695
4408
236
4297
8306
8441
3215
7767
415
4840
5191
3564
9058
6049
5478
9625
4477
6251
367
8899
9417
4565
4482
6024
4478
3532
7842
9031
4139
8430
1895
1215
3248
4109
4107
7357
1753
7639
5168
7921
7542
2284
2955
6704
842
7452
3854
62
2637
1139
6554
6433
9724
9506
8287
5730
9086
7557
1440
3600
1690
7092
4574
5517
3030
1491
2979
647
6227
4455
3988
2525
1722
8090
4104
9749
3078
4320
5411
2082
8893
8827
2273
5136
7523
2051
7230
6396
400
3263
1033
5329
2454
8559
1747
1800
2642
9449
5046
2948
6836
6366
6705
1951
3778
8706
6316
3255
1492
7925
673
5807
5731
3152
5299
4794
6885
2361
7187
7595
8206
3969
8506
2638
6633
3441
3052
6689
8468
7018
2693
6736
9141
9434
595
6698
6407
5248
8809
4966
1171
5858
8199
9947
1934
141
3010
7276
8325
2005
2807
4220
6000
8679
4299
5771
4660
9697
855
3702
7595
1192
8151
5707
4669
8105
8647
7894
3873
2415
1859
6438
56
4658
3385
6627
6791
6127
9080
3537
9610
6100
8270
3971
6765
3647
5888
9066
5289
339
8174
1174
6126
685
2418
9285
1758
9307
2299
6844
7725
8684
8594
7316
4767
415
2895
377
7022
8716
9635
7859
1459
8288
3650
9830
2438
9786
2456
5816
680
6800
1231
6333
6083
7314
7746
8961
789
1366
2090
8652
7082
6190
8330
7589
3215
8741
1684
3553
1322
7254
9
6435
1543
8382
1689
288
4133
9831
8732
2171
6547
8117
1103
6504
5810
6466
3861
6436
6344
58
9992
8086
9230
8424
8123
3409
9346
6039
6141
7663
1477
9786
6162
5804
5075
9515
6911
5608
5343
6858
7836
2382
2760
5302
5989
1226
6994
6131
8238
2293
1330
1324
1746
8342
8339
3133
4257
3827
8892
5765
2339
2467
2470
1219
1855
2036
4556
9241
8807
8594
4613
6620
2441
4990
3511
4378
4764
3236
823
3732
9437
469
9256
8707
2435
5694
8134
2945
2572
9654
7883
448
916
1475
4304
5661
7708
1617
5661
4733
9310
9956
210
7035
6622
3073
2982
8048
5867
9954
3161
5920
7282
8513
3018
5173
7382
9305
9545
337
6634
4855
8148
8973
8927
8172
424
6882
7543
1153
4121
8050
7215
3498
7257
1067
3546
2818
3289
5866
307
5236
8576
3279
6860
8055
2644
3108
328
6318
1946
5419
780
7251
3740
1745
4822
9827
7709
1797
9544
1497
2172
6705
7876
7096
9862
532
8798
5157
1088
3605
3393
242
5485
6859
3694
1679
9275
5914
1619
2592
4298
9494
4201
2057
9414
8130
6443
6829
4644
1181
5963
9572
6949
9177
364
287
9238
3969
1277
8527
8054
2600
3145
2204
1345
9837
1070
7251
8976
3882
8032
207
6712
7861
5940
5724
4629
2723
7554
9636
6254
6864
3799
1777
3675
4263
728
8346
3393
1629
4325
9513
1509
7746
6303
8802
264
3257
8662
7596
9895
7891
1374
4987
7228
5431
5351
3070
4618
6106
1001
4806
6056
8324
5917
8605
1557
6504
7258
5766
6846
9228
8759
9260
6854
5900
5764
4730
4595
2418
4539
9513
6839
3252
2637
4230
663
876
409
7779
9197
2219
7286
4322
3097
3502
6255
6224
9706
3312
26
3826
6812
2768
5551
7834
2769
4351
4805
9424
9163
7428
6828
8379
1933
6117
6059
3411
8940
3655
2656
3129
132
1109
2272
332
3100
8783
6171
8875
8309
1344
6695
1131
1470
3456
9494
3120
2313
4210
2685
5621
2463
829
7388
5305
9388
4421
4668
2995
6907
7527
2064
823
2467
2721
4698
7870
707
5601
8336
2818
8205
6757
3889
3934
8112
2688
3844
2014
7005
2923
2967
1690
3357
5706
3319
861
1567
8547
8781
4408
8061
6416
6768
9858
4126
2200
6083
3744
5336
3574
3803
7857
3293
3415
6038
1260
8713
2163
2835
941
1334
8514
6266
2107
741
3859
2722
9396
2018
8887
5094
5455
9084
3167
3042
6498
985
2470
3755
1616
4937
55
8832
6793
6222
430
5682
4768
1393
2588
955
6035
8563
481
7768
1273
1279
1909
8521
7976
4516
1590
7925
9605
5194
2094
2512
7139
8064
1536
8306
6014
9282
3420
2312
3405
6164
2732
1406
5707
492
3009
9406
4952
5415
2855
462
2236
6077
441
8670
6843
1856
2207
7396
6472
306
2757
5528
702
294
6266
8858
6722
2398
5891
5713
3542
2707
3754
8303
4354
5485
137
3464
4318
9234
1305
3578
9421
9206
6483
4339
6162
3572
3928
6724
9672
7762
1721
9667
2630
369
8343
1386
2587
9620
3097
4277
633
6661
739
2782
4235
1373
4813
5170
7673
792
2431
3980
7779
6892
1805
6222
9471
9901
9185
7302
6409
5251
6014
8024
9167
90
1617
5796
5532
2638
1740
3653
416
2621
3619
3685
9737
6595
9445
3871
1808
125
5173
9560
2723
7158
5325
6714
4727
6863
9112
7824
4833
6668
9483
6510
4287
4669
2397
4059
8034
6237
7789
1350
8404
1068
9735
1085
9376
9550
6101
5124
4083
1264
6469
4811
9134
5361
3815
7372
6328
4436
1661
4759
2150
5373
604
2541
2134
3649
4480
4511
5053
1535
10000
7587
553
6243
8154
486
1334
2290
5771
6523
2837
4913
5195
205
8680
8119
6566
7334
4226
8234
3551
2255
3390
7915
7312
5302
9086
4997
4855
8770
292
700
9386
1484
9194
4980
4674
4826
2367
125
1350
2559
4172
791
1576
117
5892
6848
1325
9975
484
6837
8615
4520
2306
755
4598
4880
1599
8196
7783
1686
3214
9012
5572
4040
2689
9616
6257
8948
5101
1623
844
943
2883
6860
288
4399
9876
9215
8434
2367
3614
1895
5994
3604
8253
1187
4256
7496
702
1367
78
5494
2080
6036
1535
6285
6021
2488
4775
2011
5641
9951
8726
3556
4495
3346
5824
8429
8888
1264
7239
1220
6131
948
9314
1161
5663
975
9350
203
3917
1850
844
1936
5566
1918
8972
8395
4084
6045
4863
6847
5129
429
6699
9439
2791
5749
6523
8647
9130
6520
4603
3271
500
6020
3841
7155
972
4764
1193
3729
8128
5018
8789
4820
9768
2999
4020
914
6030
3582
2307
4692
9206
2093
583
50
9217
2512
2123
3126
5112
4484
6056
2025
533
6895
8007
3305
6142
1244
457
2026
6382
8529
5774
350
8392
1598
5137
4005
3578
4828
9074
6424
5937
8347
2357
2479
253
7407
4332
8370
5940
8334
6804
2049
6398
6893
6878
4285
9573
209
9608
8895
6786
1485
3461
3256
3949
4693
8120
2716
4407
727
4813
9554
4121
1928
6778
7473
3948
4939
3669
5061
7255
2686
5775
248
3860
325
4394
3790
1756
3494
9027
1326
741
3422
8595
88
8436
891
195
3765
7942
4934
7504
5859
4540
2045
8828
1831
2210
1526
6572
9281
9792
6161
7875
3455
4963
2671
7052
2667
5724
6746
426
7342
4870
3087
9983
7833
2249
991
4100
9541
776
9536
8137
6433
5851
5368
2817
3678
9480
1570
2647
5354
7009
4733
4939
5162
5021
5429
3219
9808
7289
7818
2772
9861
1660
2028
8650
8387
5142
9042
3931
4112
3769
8690
4790
5699
7731
2822
789
9589
2448
3401
2395
1236
6504
6858
9813
6302
872
4947
2285
985
8579
1479
8639
1091
2340
9629
3195
85
595
7733
9448
9598
4687
2231
9846
3774
2237
9112
6063
6913
8929
2322
8137
6149
3822
3280
2582
4528
9812
7445
4605
9447
5314
1151
9487
615
8120
1241
5320
3500
256
7664
5886
2330
6491
1430
7358
3459
7410
6879
3524
8103
3510
2399
2471
2345
3943
4472
2012
758
9416
1889
4439
935
4368
7441
6200
62
6370
4132
3572
2724
7210
613
2452
8402
3907
4219
1808
1438
2112
893
5517
2826
40
2679
3009
700
7101
9231
6454
4055
1604
6869
9923
7921
80
3899
428
6579
4420
6794
3162
1503
9518
5339
4720
2434
3891
1104
9828
5952
8770
3585
8127
1923
3362
8115
3828
6524
7076
1213
7539
8486
9845
9122
7345
6026
3107
8725
234
3248
8928
9240
4748
4474
5248
6221
4301
3516
8384
3587
3884
485
9247
7800
4905
7995
749
9122
5745
840
1435
5995
4592
2337
7920
8769
407
1547
5633
659
7409
6932
2632
7359
2100
2408
7360
688
6673
5981
9162
3622
3101
8681
799
1197
7648
1475
5043
9099
8845
6223
9504
7735
9314
9127
8632
2762
7712
2357
6177
3867
8043
4800
3138
9594
6518
8058
7534
7869
303
6526
6686
5556
68
8088
6597
1280
9164
139
9088
4349
4221
4767
7556
2949
3658
26
2753
3345
3488
3269
8750
7206
7657
1107
6847
8047
9168
7510
3085
8062
8004
1659
5873
283
1887
360
5284
7027
7394
1863
7513
1232
152
8158
2714
377
8097
6469
8748
3360
2973
8603
1643
8568
4085
612
7045
5601
306
9404
340
7702
5854
515
325
2233
967
8450
3657
8266
4898
854
5562
5731
6505
5956
1379
4021
9699
596
1846
4997
8771
4784
7223
7314
8145
6478
1252
5255
1144
436
5273
4557
8161
8593
6049
3892
7460
2456
9360
6830
6859
6806
9337
7133
1174
8827
8385
7618
8661
7497
2287
8168
5867
7811
9210
6396
1015
3317
6202
6803
6664
682
256
8309
5133
1037
9916
4387
8783
9551
4155
2804
9529
7076
9003
8510
9311
8586
2435
4292
7885
7458
7902
9806
7325
6153
4126
2244
7211
6083
8215
6310
6151
2575
9164
64
4666
9304
7476
5623
2537
1667
1656
9276
6306
1396
5879
8163
836
9824
3169
2253
5640
7244
665
3157
5484
6169
2665
2129
314
246
1939
5478
8347
7499
5048
9181
7360
7175
3362
8736
8315
7343
528
518
4220
8516
4531
5023
927
4825
4637
6415
1499
2838
6058
4103
6030
1688
2235
5450
6174
5618
8417
8941
4107
6891
9688
3456
9480
1122
8010
8349
2553
3924
7534
5298
1529
72
2688
583
5838
7760
957
9224
7980
961
1132
6270
2462
6875
4528
333
8971
998
4186
2651
3579
7414
6760
3397
427
4976
7420
1963
1590
4035
2274
2587
8974
6457
9319
7054
8764
8536
6271
1817
3849
4527
4271
6178
6303
6
5421
589
1117
8206
5715
7346
648
2703
2077
9686
1546
1251
3644
1610
4924
9056
2072
2621
4889
5962
1894
5114
8612
4831
6869
9759
8992
5450
3354
1699
5612
8370
4209
9730
9040
5523
4228
1211
6948
4884
4742
4238
6218
5416
6081
3712
8281
1747
4321
9040
4097
9791
7116
8187
9493
8240
6936
1368
1313
7765
499
9511
9792
8149
3889
5074
4562
2720
6044
9574
937
888
4100
2515
3566
7754
256
5088
6969
7070
4144
7829
2558
3761
6155
9426
6270
1794
3715
8848
8452
4354
8460
7608
9054
3342
366
1064
3753
2212
1916
7179
197
475
3368
1955
4308
1502
50
8115
3448
5724
1649
1749
235
6954
4124
4723
149
5450
3550
6201
8189
1259
8144
5120
5477
499
238
8937
2686
5666
2928
3064
8981
5031
8971
6525
1914
4594
7607
131
6438
4316
8670
9533
2006
3332
6906
8290
8247
7689
2128
1868
6757
5749
1372
823
1249
8259
5806
6710
4030
1546
2820
2031
1872
5681
7087
5615
1222
3223
3622
7447
7313
6972
5414
3778
8914
9548
3162
2963
8964
7530
8279
3010
9467
4394
9057
8562
481
8082
3583
6845
9294
5666
6521
2423
9618
3389
6252
189
7853
5266
7842
7262
3329
9554
8100
6614
2252
3429
4455
2945
6320
4429
7078
8454
1427
6880
5491
4883
4986
2832
573
5789
4099
7393
4828
3058
1743
9585
5568
2023
2152
2450
7434
5391
3977
4209
3640
7008
6587
5964
2536
7978
4989
1340
1075
9779
1003
6699
3418
4811
7831
3296
5828
3433
7536
8917
5363
5076
6549
3481
988
8738
1595
4033
8315
1841
1833
2376
1356
5432
3048
7194
4456
5237
7808
8638
4706
3703
9161
3659
4834
3781
6149
4468
3626
2050
9956
2850
5759
9637
3213
5150
2065
1994
3931
4403
9368
8847
1324
1800
7259
5644
3758
7343
6505
199
2941
2919
4485
8610
5739
2754
8721
1655
1248
9124
1729
2455
9276
3778
3585
6123
4545
3622
5791
7663
8998
4484
693
5431
5775
9763
5962
659
2355
1091
6134
8764
3152
5787
5574
2951
9525
2770
5019
9618
231
5772
4850
204
7722
9217
6895
9469
8765
3553
15
1559
9652
4127
3624
4390
9641
8758
3467
2523
178
4840
7919
3622
3154
8676
5096
9907
7692
1044
7257
7255
609
5553
9369
6943
8374
3646
7592
9637
7204
4123
5922
3677
9060
3280
4615
5879
909
5017
9811
9100
6876
1971
1756
8526
5379
332
9414
9683
2061
7235
4811
4099
4438
7177
135
5420
6841
2391
3081
9852
8806
8993
3581
8925
4631
7356
2403
1818
1208
9199
8999
6517
6425
4894
5069
4604
8202
1580
7423
6736
2931
8606
4516
6142
2980
1922
7703
8191
7154
547
8251
2963
2762
870
2178
8991
540
3086
5676
5638
6028
5815
5506
4566
4381
3074
7430
1590
9766
2670
54
9377
4165
1631
8814
3680
653
2404
6733
6124
7504
5068
6052
8250
8861
242
4076
4579
2537
7175
9451
5437
9456
5757
1333
3732
5312
2758
3138
6278
4374
850
7487
6708
9164
4580
1766
2727
3538
3508
9437
2773
1442
9240
18
3739
2531
9027
7636
7089
2029
4411
5249
253
4555
7174
8368
1103
6042
1930
1866
3094
4401
945
5784
5793
1539
5174
6500
3130
7791
7150
2740
3612
3872
1814
8145
9561
246
6811
615
919
1994
7398
3354
1806
4427
1526
9275
6048
6332
3739
3982
1644
3497
4953
6603
3998
6552
6989
4072
9183
7240
835
3226
3691
2379
8440
5110
2066
6797
1232
8541
3402
5440
3450
3943
1924
7951
6245
6606
5246
2782
8270
6556
9186
8424
55
7717
2695
7490
6922
3907
6932
1870
2871
5700
2973
1289
1067
3891
9269
3364
5758
9094
6680
6420
5694
1831
432
2857
2053
141
7205
3873
852
6720
5338
3335
1717
2458
7847
6831
528
5789
4709
8403
8423
2214
6291
8632
6497
3629
7425
5361
6581
3891
4023
6050
9466
8467
7514
4072
4343
3869
9513
513
1646
4738
2502
3069
3345
7396
2730
5163
1781
3993
7720
2407
4478
6791
8761
6427
3203
1469
9255
5357
6618
7875
7443
1674
6137
9049
388
2758
7390
3117
8041
6270
2102
8467
8854
7440
6674
2478
8777
7465
3266
648
7992
4316
1488
4830
7820
1385
4665
8191
2572
3978
6692
4357
5847
9387
2521
9468
718
2799
584
444
3903
7388
9495
3935
8918
3384
9968
4628
173
4908
9925
484
9448
1232
9557
8716
4843
6023
1209
7849
2739
8858
1928
1624
798
4593
6444
7240
7816
9828
3958
354
9226
5501
4931
1073
347
5430
953
9957
7427
5992
7232
2677
489
9706
9987
7634
3478
2275
4094
7998
5395
7444
8142
2060
4442
4825
123
6010
9783
6227
7515
9862
3279
5282
4868
2289
1323
5884
796
5188
2359
5150
2182
4489
4683
1755
439
6073
8236
7503
308
8802
1369
6241
3936
8914
578
9843
4609
2224
3615
1663
120
6861
8960
946
1075
1329
7101
9295
7486
9061
4757
2245
4344
6455
8028
9868
7454
1599
8648
8177
1756
3280
3915
1857
9751
4332
4559
1666
9793
6493
3939
995
8635
5944
1302
6609
9368
3064
4320
8479
8532
4077
9918
3972
3008
2706
4656
6279
607
6182
9458
1952
5989
8847
3451
1274
92
2065
4548
1211
9215
7490
6482
2974
7014
7880
8205
9770
586
1208
8315
1169
8742
7725
5300
3028
3675
659
491
9036
7595
5348
1745
3079
707
1307
4587
5619
7585
8346
3789
9005
9632
1026
5447
1309
3947
8280
2145
3955
7877
1321
9045
2598
467
3008
3337
2217
4114
1052
5226
9312
2861
2001
6674
2267
4529
3590
2110
2574
5718
6253
5964
653
3468
2473
5554
4317
7631
5232
8625
3433
9294
7025
632
6025
4493
6120
8342
3124
1315
6972
3066
8405
1152
3753
2194
9564
5394
6334
4735
9532
756
985
8342
654
7173
9578
7392
4955
1423
9916
8464
205
3727
7695
6752
8409
7768
6428
848
6521
2790
9801
8381
1644
4477
6937
5260
2767
576
2518
506
3431
923
3278
1943
8979
120
3384
9951
8381
1063
3589
3995
691
9258
5334
4702
491
6444
9208
644
8537
1655
9269
842
3414
2936
4022
2337
1085
1185
3880
2948
464
4372
2474
3870
2394
1992
2832
7448
1187
3399
4758
5420
9999
7717
8563
4486
4704
6995
6238
868
9923
1803
4206
2375
2912
4782
3557
9197
3129
9044
4822
3898
8154
2207
3794
4997
1998
8679
4027
4548
8675
5070
6936
5353
3122
7095
8112
1606
9381
6631
5559
6922
5046
3785
9635
3158
6605
2905
1253
2595
6214
3831
4919
4638
7854
4181
669
9846
5508
7678
4052
3087
2544
1180
899
8839
3767
6214
9506
6522
2083
890
1686
4346
9902
3735
2719
9199
9589
9200
7392
9036
4299
6163
9036
8176
6093
3604
7299
6230
3495
844
9528
9355
5370
6260
4730
973
3789
3864
2784
5316
8425
317
3078
5119
4310
5814
6517
9101
2485
1496
9822
5609
4379
4125
9027
8713
2604
2969
9311
1257
7208
6287
1817
9738
1758
4367
6178
114
4314
4938
6390
5290
8851
3188
6977
245
1111
3347
7430
795
7685
9753
5524
813
6693
6694
6074
1792
102
2638
2350
2309
7960
2419
1189
2483
9688
976
6661
2488
8279
1861
3721
2540
3392
651
5725
1824
9968
8265
9012
8625
6990
2930
1870
7278
5637
1520
5582
4968
3255
18
1339
4461
6984
5308
6938
1727
6197
9900
3820
2945
6180
527
770
1798
5879
477
8708
2238
8975
8508
5505
1649
1365
2370
1251
6786
3312
792
5636
450
9332
9672
7314
4730
6472
2080
6150
1125
8594
4302
273
3313
5466
1937
8398
5280
3649
2717
2336
7926
4246
2588
5039
7935
5752
8294
8447
9090
1923
8533
9205
4129
9777
616
8367
3899
9042
1118
2165
6718
2751
9266
1738
9039
3330
7809
5469
2583
5071
6287
6680
4864
8971
219
2867
3095
8624
2381
6268
9640
6734
119
9252
8149
3265
2524
5624
4104
7121
5335
4620
4760
3095
6420
6450
9518
5941
3920
323
3335
6558
2163
8193
3155
6498
8841
6309
806
7319
3598
368
3027
1826
4652
1771
8964
8912
1038
5121
4349
8569
7168
612
267
270
5713
8016
7149
4102
688
3826
4361
3587
8570
4082
5881
7100
7805
7488
1735
1310
5734
6915
8349
7461
566
5171
3973
4656
4586
1763
8309
9237
258
1411
1055
8470
7608
4526
89
4275
7471
4891
1096
6219
4738
2425
1051
4920
3368
2092
4036
727
4856
3614
5306
9977
9047
6972
7884
3659
5074
4188
1829
4523
9604
644
6902
628
8283
5468
7998
9283
8364
2270
7509
1442
9648
148
9858
502
1604
677
5574
7750
4963
3994
767
2310
755
6904
8942
1855
8207
243
7651
453
1813
9285
5758
8651
8065
5850
8600
6302
2185
4785
8547
4550
696
6177
6446
7469
3202
7930
6657
2360
7410
4999
8286
6185
5935
6797
2460
8406
4343
5028
3531
8733
565
9123
2048
3651
8080
4133
6877
7391
3067
8570
2778
6131
5466
1136
9610
3552
8136
710
1575
2570
3586
1225
8589
6389
2522
8923
7395
8804
1563
1178
8977
7707
4141
953
7623
4608
9921
4039
1217
2451
5677
6019
5187
4306
4181
4795
2199
5878
939
4605
4895
399
6520
8310
4708
2027
583
7076
4032
1677
5044
9302
1436
6239
3679
3601
5458
7234
7103
4063
6234
1393
3531
6267
9402
8479
321
7928
2296
8066
2733
4166
7143
1372
4705
8297
4787
6028
4515
22
4864
5954
2266
7794
7232
6998
5366
9687
4240
7710
6061
7402
1182
6131
7331
3451
1891
3282
1204
2029
3698
9033
8916
1495
3683
9372
8730
3208
5770
1570
1479
9703
1037
4986
2425
9984
4280
5075
5667
399
1182
5051
5657
5866
2232
1597
8124
2851
2952
1227
2659
6023
3828
4667
7310
6043
8963
9859
6187
3911
7923
9700
2754
5560
2698
6166
2851
6642
984
5290
3424
6134
6105
4800
2767
3941
404
3485
770
980
7683
8567
382
1467
7162
9902
5741
9070
7429
5393
5052
1774
8416
4504
8437
9303
7606
4939
6965
1092
7488
2244
727
7
3564
7860
7097
968
3239
2802
8456
7006
7798
3249
9212
9130
4102
4160
1299
2833
5189
1889
8438
7936
7235
5700
112
8406
7168
268
9564
7633
7414
443
310
7630
1647
3155
698
4788
3422
3070
4512
4557
3646
8067
5580
7168
7604
8893
3323
3723
7871
9002
7900
2322
5320
1963
5922
2347
8416
3505
2601
2981
8379
6908
7324
6109
2257
448
4069
5435
8347
7541
1674
7656
4054
984
9246
2817
5181
9768
428
811
8974
2467
488
5039
1748
4974
3517
3039
3230
3696
4048
4076
8882
375
8100
1124
5375
1978
781
3822
5964
4919
6028
7623
83
4369
1760
4462
6613
3930
4565
4974
9350
1677
7201
246
41
3585
3320
6532
3392
6542
158
9555
4959
9090
4564
572
8797
579
3498
9283
2243
952
8504
8323
2154
9893
4468
5611
5656
1748
9602
7874
7638
5352
6831
6415
2120
8920
4162
434
5532
7024
3233
3779
8081
1035
1732
7257
7590
1227
6761
3765
194
7160
9197
5135
3404
2703
1901
9430
4651
3711
3889
5467
9467
5915
8791
2233
4762
5804
9113
5869
4123
9804
7614
5002
373
6604
6909
5302
5657
9311
131
8504
8126
4226
4540
4810
5354
3002
653
7838
6364
6007
5380
4593
5030
9056
1170
4771
2697
4297
6176
8109
2442
9905
1842
137
8409
7168
1131
2970
9966
4749
8762
5525
8280
3896
912
7015
7209
4433
1589
2327
4140
9447
6604
4112
3200
9973
3556
8889
5554
3144
6825
7267
4838
8257
3590
1685
8595
3018
9297
1435
9755
2348
6776
1672
8993
9064
2029
3811
4729
7720
6416
8247
6833
9886
9732
6188
4873
7758
8948
7809
8512
6816
2893
8776
3404
3967
3655
6623
7808
6620
169
1320
6942
5050
3458
3090
7976
884
5972
6483
5586
7846
5160
2810
8292
9410
6149
1910
1852
467
3755
2010
3934
6592
6727
5801
6454
9778
7408
934
9176
813
7128
4286
8730
8692
1054
5090
5670
8589
8572
9754
9304
6733
3581
6648
8764
6345
4353
2571
9410
8090
4756
2289
2530
666
305
1743
1890
8851
7085
63
2407
1719
3297
6904
7540
6286
1212
1200
3701
9032
7783
4124
2970
3832
8015
7902
5250
7896
48
4392
4402
5575
8724
866
8349
4985
8238
4184
9399
2230
2636
8351
6965
2061
8758
1802
9000
8371
1581
7757
5680
3541
4934
4246
1055
9250
3799
3029
8755
2383
472
1505
1876
5288
1376
2743
1137
8326
6076
5554
9463
4165
9188
3146
69
1900
9759
2285
9449
8204
4536
8427
9568
91
6974
4647
949
8014
7512
210
1964
3171
5111
901
545
6735
5089
5597
7475
7617
7293
5945
7635
4440
4726
6602
1950
745
6014
9784
7275
5010
4335
3718
6250
121
6819
2115
9347
4355
5318
5492
4581
1954
5888
5241
3489
3272
3823
5216
6491
7074
60
9074
6927
3342
9270
700
9902
8958
5417
8156
3520
3709
283
7322
3807
3604
5159
8420
4297
4538
2522
7857
4338
573
2473
7250
7805
6639
1587
8080
1189
2030
3976
6066
8640
6845
2939
3734
8140
4792
6050
8819
8849
8183
636
3397
3851
9501
6062
8323
1708
2872
6184
8029
4329
1128
1864
7610
6516
6325
7269
5618
9739
6225
7852
5193
725
7866
7507
9287
8183
6123
2862
6061
9144
9707
4062
592
9202
474
9813
6350
4992
7662
8474
9254
6206
4812
2433
1833
5432
8578
4843
3029
8578
4699
1768
2592
1343
266
9435
8474
3620
2775
7576
373
4586
8282
16
1036
3724
4938
1579
1773
842
6778
8764
3077
2923
4867
6516
4870
3499
8398
6111
8545
7789
6071
5274
4879
5986
3243
6196
4624
8787
2252
7819
4832
9376
392
383
2060
404
1183
5550
1726
4950
9476
3786
1210
8686
3776
4600
889
6348
4262
2726
8193
3613
9514
6073
3965
6977
5027
1092
4904
3877
3176
2719
796
5242
6996
7125
8191
6836
4715
7493
7355
9649
2767
9843
7708
7123
3036
6510
3719
6832
2627
1753
7536
2609
6993
4358
9137
7718
2428
1451
8883
7184
5547
1525
2808
8758
1759
8084
1483
9522
9809
83
6941
9109
2840
3789
6347
546
9468
6535
1564
3379
7970
6936
3996
7699
791
1037
833
960
6793
5446
4530
9922
7812
4657
100
2585
423
6006
8738
1776
5119
1978
2692
8757
8390
419
8557
1552
7567
6131
5343
6032
7924
6629
8891
7931
8065
4699
3568
9147
98
9962
5328
6079
2008
9089
1855
4204
3264
1806
6644
1153
4609
3046
1881
2567
3094
5941
5554
887
8143
8630
3580
8415
7592
8289
5795
1071
411
8748
8024
4087
669
6218
9763
5207
8680
4521
2731
7006
2900
618
2517
6747
9862
2488
2036
695
4212
5848
2629
7267
2613
7249
2265
8368
1524
4019
7585
8272
6718
6785
8193
2186
7459
2002
8046
6823
576
3707
3142
9118
4840
5706
2149
9820
5384
230
8661
8832
5980
9555
8944
1667
2846
4848
2711
6285
6174
3257
1295
5262
7166
9223
3060
9194
4439
7167
7641
397
5360
4188
3611
2184
5032
181
2969
2995
7838
8758
6063
7124
1033
411
6853
8818
5399
2333
5941
9546
5490
1350
4845
6956
6488
5115
3692
5635
8411
7173
4869
1518
8875
2706
9716
3016
634
3797
1222
7926
2504
3625
4164
2694
8800
2196
2864
3706
7749
3281
8215
3946
2604
7728
567
4058
175
4238
9731
8873
5649
9653
4521
1773
7375
7113
9290
5596
1582
2663
5405
4904
110
7061
4743
1177
8204
7632
8290
3156
5012
2264
8440
1035
6395
5866
9988
1620
5377
7736
4117
8972
5510
9058
9473
5363
4519
4567
2965
4142
54
2706
3084
7314
5326
3683
2993
3220
1004
8869
2816
7116
1705
6717
7214
8653
3212
4937
1438
3389
2181
4371
7600
6230
3635
9216
2888
3317
269
7826
2053
1573
1856
9551
1808
2423
7566
8120
8514
7076
2073
4128
4015
9688
7771
5488
8723
5818
136
6212
3179
8381
9193
8052
3364
8932
4621
1702
9680
769
2355
1013
4697
918
5922
3245
5707
2807
4824
8270
4088
4586
1771
4139
39
6423
9890
4469
5852
1486
2960
1617
333
7661
8354
9797
128
4573
727
8068
8268
4830
1750
4555
9149
5491
634
5379
1459
8086
4221
6514
3721
8353
8992
7254
469
9308
8094
5460
4662
1525
4563
2496
4295
5956
4118
2289
4649
5540
2058
7280
6892
2202
5030
9720
8305
2855
6823
2987
1991
5839
8851
9785
2828
9161
789
4180
4195
6301
8473
7413
3655
644
9518
7468
2314
465
8101
1289
9934
5150
540
8989
7242
9353
8569
7298
9977
9417
637
9016
7392
4171
981
2154
1452
6135
7797
4645
2782
8739
8505
4250
8216
1927
2259
3937
9736
9674
5785
2884
2558
7349
9866
8401
2026
7024
8587
3846
6886
4566
2005
3911
9628
2815
3660
7859
3270
4719
1105
5129
8401
2036
8474
8840
4899
181
3178
326
3908
8514
6824
50
743
8284
7206
6985
1080
6309
936
8940
3340
2969
8812
3640
7211
9399
3478
3893
9785
8103
7803
2042
6967
4540
2497
1417
7388
6332
9470
9588
4011
9946
7406
4527
3696
3167
7779
1089
9280
5664
4118
128
1037
6170
9158
1858
1096
5045
4024
1181
9601
9078
9842
1309
2852
399
9815
1078
5168
2405
2679
3083
2000
5639
3693
9756
4110
4622
7030
1812
6211
2698
7887
8332
8263
8877
324
1758
2654
5013
612
5783
3736
5065
375
5407
8193
1750
6394
3009
2641
4545
289
932
8013
7464
7286
1818
477
8696
9247
5504
3236
5688
8489
2057
8075
3645
2529
2071
865
9030
4878
4531
4645
6187
7486
6441
7488
6695
6652
6504
3574
6944
5492
3589
5488
1665
1024
1840
6636
3922
4145
6987
1606
4483
6305
7643
1801
9668
2915
4619
7570
5682
7491
4941
2395
35
6491
5179
4935
5811
4207
8195
7987
8636
9262
6930
3440
2710
6694
214
51
4757
6386
944
3408
9279
2434
6131
7728
5721
5015
830
893
9208
4332
6942
1941
4856
8661
2018
3301
95
6699
939
2492
4852
9910
9290
3616
1232
3368
5118
1344
3834
3561
1519
3279
8429
8087
9661
8324
6764
2945
5891
7271
9268
1119
1700
4465
9803
8192
1617
6051
7995
9575
1480
7661
3738
9157
6218
958
1058
5010
7045
1076
5997
1952
5770
6124
7245
6565
3762
7858
3415
5900
5625
7097
386
7198
5534
7019
14
4931
914
3913
8597
4316
2683
3834
2669
2628
8353
8789
8217
9043
842
7563
1703
9434
7209
1011
6498
3387
3762
9191
8380
7004
6188
1790
2402
6478
4552
4710
1484
3674
6980
4140
1390
4706
5461
6754
1117
9964
5951
5287
980
508
5202
2815
8786
7194
6529
9478
676
835
412
1505
5257
4154
953
3979
8939
7504
7625
7169
3928
7909
2116
6200
2085
9636
3127
3002
5860
7325
241
8495
7538
128
7224
827
1501
9441
3182
5164
4330
7114
3527
2288
9832
5713
4705
8278
654
6017
5753
2673
3943
451
4104
9832
3287
1227
3397
8029
935
983
3192
6962
5660
7723
5624
7648
1080
4307
2086
9599
7650
3008
1381
6732
5970
7635
7123
3032
6433
5531
7878
4408
9958
1565
733
3586
3877
5224
4552
7082
8233
6933
1194
7397
8220
1403
5156
6030
3290
629
881
1041
8326
336
3425
8628
8105
4991
9080
1315
3102
6118
7228
81
520
5011
556
8186
7839
8876
7557
5199
3923
2607
4132
6513
9627
6006
2535
1235
1352
3912
8553
7315
9829
3052
3994
2392
2055
9641
3196
4402
9828
9679
4395
4252
9376
5099
8221
222
1909
2379
3305
6663
5292
157
4302
3300
7494
8863
4249
5435
1088
180
4434
2874
7415
3091
9061
1670
639
8350
5059
7432
8581
9478
9932
7319
6623
8749
1046
6128
4943
9230
5719
6908
9919
4174
5173
4530
7613
6290
1809
9875
2834
2720
7047
2089
9933
9703
7398
5849
4035
9529
249
6970
1943
5449
2343
3021
3834
8669
4162
118
5856
6757
8436
1462
1417
8025
813
9361
6880
734
5256
8815
4973
8243
6013
317
115
9540
5171
4462
2784
9921
7774
8863
154
9778
4769
2570
2618
8353
8704
6470
7388
7646
7889
3007
3527
4815
8352
4069
5299
8140
14
978
8713
600
6707
3434
8741
2338
3381
820
1514
7562
3417
2960
8222
7456
687
5287
304
1996
2838
7559
195
2724
5864
2055
2456
1838
3986
3132
1913
67
1784
9400
4100
4928
242
9566
4625
7534
7371
6287
2737
6220
2551
9433
9127
2024
7796
5634
5177
8381
4270
5225
9972
182
4602
6615
5373
3522
2828
1000
115
9002
1417
1919
8370
8042
3337
7839
583
5769
6638
8901
3489
2231
9826
9220
9536
498
8634
3078
493
9887
3770
5276
7366
7929
4483
8694
1341
9525
4872
5544
6976
4572
856
1426
5545
545
1843
8408
5684
2196
412
8294
6134
9130
1098
5653
1848
5630
3889
3061
6002
9930
432
4766
7643
2462
2036
7954
5502
6795
6740
2006
9363
9179
7028
7772
7077
8270
4318
2131
4649
4401
9942
8337
4956
7668
6073
6682
6689
109
4721
9451
1817
6107
2233
8132
4339
8465
6852
2166
1539
6598
4450
721
4565
6196
169
9601
4554
6894
4496
7234
1474
9881
731
8064
1239
6054
1135
9081
1618
6368
917
1955
3938
8004
1300
6891
1185
8493
760
6764
4610
5943
5172
5672
717
461
1860
4632
2909
1423
7415
2838
4885
9384
6751
3569
6594
2030
2548
650
7251
5733
3586
7435
8329
3625
4559
954
3779
4089
5621
8972
5175
1931
8519
7056
1372
629
7893
2222
8819
9447
1327
6518
3561
8022
6910
9570
2758
3140
2486
2359
5528
9689
2828
6495
5489
6400
6929
5354
7573
3857
2235
6335
1684
6127
9352
9900
7738
1766
3267
1801
2468
543
9138
9879
8672
4794
8778
4059
3578
4750
8816
269
8749
641
6304
8696
8194
7537
2499
6219
428
9463
1048
5551
163
9761
4010
2494
8456
819
2149
9005
3697
5866
6349
3655
8816
6270
8627
4579
9933
3348
5117
6362
8614
2504
3641
9235
6295
5328
470
5067
7681
189
5744
7122
9880
456
6739
3657
4815
1120
1239
1409
7285
8940
921
6710
8121
9796
6907
978
7818
8490
6874
825
8371
5806
1720
2931
899
4105
113
8530
3970
4231
3331
3218
8106
8502
6404
240
1883
7333
3417
7733
9711
5269
1613
6145
7481
6606
5197
7008
5034
6358
888
8008
7614
4036
5023
7467
6373
5473
2699
8114
1679
4431
8965
6522
9580
3834
437
3756
9555
124
5489
7448
9263
1634
1569
3052
2944
1507
7431
5376
9315
8171
9060
5569
5174
9164
7252
5699
2533
4536
8453
5495
384
126
7954
9894
3543
4469
7951
1368
2637
9866
9142
7916
7140
172
3872
8310
9848
1747
1528
6824
2900
415
4040
1419
1178
3225
4208
2218
1376
982
3425
4694
7201
9302
5831
6268
4696
6826
7878
2809
1322
561
990
6041
7938
2964
7051
148
5296
4345
3909
8518
9761
8597
8039
4361
8732
4136
5437
4573
8602
7757
1991
6026
4282
7789
4462
5307
9545
8114
2026
2578
1747
9174
1372
2577
4679
7162
2657
5571
1884
2592
1720
4784
3311
8792
3494
5006
82
8809
3549
9593
8629
4552
3446
5565
1672
4668
2215
6865
8695
3237
1596
5842
9502
4765
6914
9569
773
4265
5806
4294
6669
1737
9287
9245
2234
1169
901
4568
6983
4726
4701
8995
4281
1670
5978
1786
9188
5937
104
8060
8808
9938
8630
8351
7485
8443
3772
1736
1888
1424
4358
3396
5741
8496
8224
7137
1163
798
7580
6786
9103
5605
3466
8951
9594
6304
9672
7684
4782
3776
4164
1275
4487
5649
5743
7310
1803
7769
8097
4188
7632
1574
7106
5246
1575
9062
2944
2256
3696
50
5125
5769
3014
3687
7883
8432
7925
7126
8764
4745
7469
8271
207
2488
1303
5778
4874
1880
5969
2627
8980
7039
9702
3542
3371
1768
8895
287
583
6196
3810
7990
7207
6850
4123
3633
2541
2443
2159
3386
5423
7882
4013
7032
2006
2676
4299
4137
7622
7683
1239
7796
5783
9248
2388
9855
6956
4730
8276
5238
5464
5822
6875
3602
6308
1873
2625
3157
7239
8109
948
220
5124
8997
8839
5623
2610
9930
8484
4369
6127
4875
4958
8958
9853
8233
8705
4285
3941
4839
8544
6002
4999
341
5312
5458
4686
8179
8242
586
9001
741
7938
2885
8634
4935
8070
9740
1872
3307
9886
5482
5515
7208
5039
6537
5892
6803
9887
3395
481
2349
3395
5766
4062
1850
2163
969
2049
4418
6040
703
2443
7797
1531
3117
2710
3114
3145
2623
35
9029
1002
5110
8724
5434
1877
8379
216
3234
9338
4171
6951
9718
9009
4887
6543
859
7579
1610
8718
2155
3023
3104
8031
1334
8573
1789
3149
5587
4111
5874
8140
7139
981
6042
3659
4641
799
2602
484
1188
5659
140
2441
6085
1149
2714
9301
5738
5061
1437
4044
7086
5567
5838
7666
42
4682
9796
3608
5475
799
5379
897
9804
651
316
5816
9557
1453
4694
7341
5513
5040
8569
9196
4339
3847
736
3639
2808
5733
572
9380
5389
2857
1108
7380
3061
2622
3481
1218
870
4838
9614
3544
8794
7946
7889
7006
6434
922
8432
3261
5143
1981
7938
9663
4589
7970
5002
4611
9673
3482
1413
8848
4033
9932
1109
2838
3585
5668
6620
4790
7186
6946
1090
7312
3951
3082
2672
8780
5282
3402
1239
7697
5354
3253
3220
4506
8333
3229
5471
3333
4128
8762
5959
1167
899
1836
9429
9283
5528
5856
9138
7408
4055
5218
3754
7216
470
474
1022
8690
6284
9345
2077
4496
5784
7895
2868
1646
6139
7463
1422
3060
7903
2340
2892
6394
8274
8355
6596
4960
928
2213
7867
5111
1081
1388
883
9698
5778
9002
3099
7914
1517
5915
9001
7215
9688
7825
8302
3612
6590
4042
7897
7757
3427
1862
5199
2474
8818
5851
5262
6561
1190
4229
6354
932
3987
777
5583
6256
7531
3817
5167
2618
1531
2446
8347
639
1820
8486
683
6769
9603
8382
5269
8182
9890
175
3095
576
2335
607
9041
5363
3749
6906
5848
2351
8276
5713
2262
5196
7689
3089
6183
7468
3601
7604
5758
9828
8867
6789
4177
8100
786
2446
563
5897
7660
2112
9870
6634
3252
9542
2637
2281
4801
3308
3914
1372
7868
226
8417
465
886
3057
7774
4131
6445
2215
1862
1333
6083
9978
324
2263
9855
2648
7827
6504
4809
6703
5050
2198
1949
9703
9871
4546
5529
7135
9538
5550
2478
6797
764
108
5422
9445
2685
2479
4439
6560
7313
8118
3070
4542
437
5395
6501
4693
7083
509
2563
3912
3900
6543
9519
7845
3587
6146
3707
1416
5911
2481
490
3196
4264
4058
4140
8650
3182
7008
2099
1887
768
6320
3653
3645
9455
1953
9702
2301
5686
8659
3051
2579
2296
9473
3657
7468
2920
4860
8591
7245
7844
2816
3998
8152
468
5535
6918
6411
1270
9298
2901
4194
7680
4555
8585
7569
8938
9712
9925
3155
5386
7972
8006
4888
187
8419
4615
8862
7962
205
1220
2822
4340
7473
4022
669
7783
5622
6361
3132
8401
7891
2250
2612
7057
7340
2393
1562
3283
2388
3750
6755
6110
700
3747
3582
3906
2947
370
6416
9451
7113
377
1542
6390
3207
2602
7031
8162
1848
9593
9093
456
7278
3868
7235
1267
3556
3082
2061
8204
743
3142
9454
1112
7852
4385
4873
2953
5093
2276
7651
4371
8044
5302
8036
7634
6673
7041
111
5926
9668
6267
4216
221
6295
3719
1023
4347
7532
2130
9413
8316
6565
1613
9688
4528
1743
1834
443
541
2254
8276
7937
7933
7121
3305
4020
8599
1113
6052
1828
3519
6552
4774
3735
715
3864
2614
5673
9091
8090
2231
6549
4541
2445
2276
5161
850
1979
8041
7008
6550
7021
8334
1990
1399
5922
5928
9926
857
5833
6381
7144
339
561
3662
8352
7507
4926
3645
6504
4986
4157
8986
8331
1143
3261
1953
1506
3334
9985
7083
7818
3748
9536
3563
1079
2390
5193
9427
5717
6292
8642
2259
5205
4188
1518
2132
1668
9113
1820
4269
1796
3178
503
9995
4229
154
7688
7759
9900
2684
7376
3516
2579
4045
5059
8315
6042
4101
1381
3444
2267
9020
3096
6502
4174
1072
6465
7241
1154
7728
1635
712
6772
3212
486
6590
7382
6437
6203
5232
5142
9499
1385
2411
2755
4260
7269
4845
4993
6145
786
3141
858
7014
3034
4951
1005
3805
1968
5623
8026
862
4385
1193
2558
205
3607
7546
6838
5034
8582
9506
9616
1351
6120
497
8314
1257
7807
3457
130
9887
8525
4724
3695
9267
9875
2537
5553
4723
1824
2353
4863
4055
4745
836
3573
9296
3603
6439
5117
3510
6413
6353
9701
7771
6382
5820
6370
8908
4300
7480
392
