6274
4537
6787
7612
6440
2674
5518
6917
4128
1361
3744
8914
3857
2686
9080
8317
6051
3079
2759
7585
5967
3980
7162
4379
1238
694
9468
243
6362
9192
9986
7409
9784
3152
8792
2142
9960
6332
8992
8828
6396
3031
1518
7055
69
7843
6138
8233
3509
3345
4050
7774
8363
4377
3535
6312
534
3522
8720
7472
4148
9856
1980
3095
2654
5121
5797
8610
2542
1055
254
8130
9771
806
4155
3132
6352
2457
9193
3810
1538
344
129
4872
4034
644
548
3870
2097
7969
5985
6626
4579
7691
3235
9971
3536
7039
7562
7675
2016
8337
3441
462
5192
4261
1119
9658
7925
2209
4512
5127
1078
9778
3640
6184
3453
9486
256
5657
8144
3912
7606
2390
1405
1319
8813
3411
2806
8700
7675
3761
3136
3674
4435
605
8500
2558
4028
644
2656
3481
1071
1757
2330
1904
1831
2188
9432
4850
7687
2982
9378
2220
7952
1257
2048
5049
5466
2777
5240
6703
7303
844
8826
7129
5577
6927
889
6656
4603
315
5413
6064
4480
318
1118
4543
9016
9559
7710
7561
3874
8894
223
1036
2019
599
9400
5731
8693
6475
1794
2946
9754
7245
8500
1026
5278
4222
1443
3318
829
9525
9068
7745
2578
6761
1065
4638
637
8881
3250
7801
9384
4273
6196
588
8013
4544
9421
9490
591
5119
487
6229
7869
9515
4354
6516
9867
1979
3135
3778
7655
5703
5117
8676
8057
5656
5616
2603
5467
7907
6092
6990
6814
960
4092
9124
8132
4419
3692
3754
3165
9094
2756
3243
8039
9046
2174
1297
3436
9609
2876
912
5174
2955
4391
3426
9548
4554
3758
8905
7342
4841
6801
8109
9641
2832
4823
8868
1523
5444
1745
978
7367
4509
1983
4649
1313
4970
2562
9310
6850
1686
3876
3209
1560
2932
2255
5493
7601
711
1615
2830
1855
2083
9266
6163
6447
5754
9143
8320
5267
790
8902
1088
289
317
3208
9959
683
9135
6131
718
5906
739
4169
6217
5920
7296
2148
3525
9503
1754
8982
6391
2646
6413
3211
1388
6091
2410
7836
3942
8819
1353
1056
2726
3738
6331
3798
5123
4405
5507
1465
4106
7343
9460
173
3707
4785
4703
5473
5601
7123
5778
3888
1828
2248
8945
2174
7473
9895
4802
7367
9516
7998
3440
3860
5409
1920
1755
9808
2663
8487
582
7875
7117
400
2391
7254
4413
6710
7196
632
5447
4233
571
3883
3314
7497
3127
2434
9519
977
9129
1571
3127
7454
5304
4784
3355
7320
5853
8143
831
9713
2797
3249
6044
839
4715
7339
7474
8176
9013
754
7359
7038
9251
4080
4469
4804
7998
2391
9029
9767
6181
901
6633
3136
8836
1792
504
491
2606
9775
8594
4287
7315
950
645
7473
439
893
1664
5083
1978
8041
4013
5778
3593
9167
727
8316
6509
6240
9131
1973
4325
5143
890
1678
9061
9731
5015
2536
4223
8829
5372
1119
7229
645
5682
5182
3394
4370
1372
369
1382
3964
9425
9405
8934
3593
6874
7637
6468
6331
5076
7397
1528
7015
524
7773
7984
4146
9042
9892
3220
714
4565
3505
4397
3099
7915
7150
7860
6222
4896
4673
3372
9736
2333
9412
9179
159
645
5770
6594
6685
6544
4862
4517
644
6314
723
1417
5506
5227
6865
8817
4522
4468
3215
6783
2659
4779
756
410
677
7083
6262
2759
2740
2307
7848
6767
9860
6439
285
2947
1160
9258
2830
4904
3177
5921
28
6347
5732
3481
577
4746
8604
52
7720
5917
9444
2353
9125
9793
1201
1437
569
9109
9312
4687
4283
2653
42
3094
2224
3551
3384
1876
8349
530
8115
3428
6395
6542
9190
7741
4211
3299
525
693
6888
5721
5711
5775
9480
1945
4696
9998
9974
1332
3854
9803
5417
2016
9398
676
8124
8872
968
3081
2073
2798
8970
9733
4694
7818
945
4322
5655
9154
181
429
3072
5455
112
570
971
9727
4077
1279
1123
914
6464
7504
2230
9272
1362
5008
9332
339
3482
1744
7481
9968
8452
9101
7123
4367
9069
5360
3660
169
7459
5019
2295
9319
1662
6305
5149
7348
2402
1696
5928
1954
9678
6500
9016
109
4688
9834
1451
3674
2689
1533
8365
1596
8057
7901
6083
5483
1603
5515
1357
9564
7190
3820
7049
1163
450
872
5949
6953
7312
908
8330
6766
5681
8479
2922
1056
7110
4398
3271
1739
8648
4949
5998
2199
4900
7116
5910
2060
7212
9494
7554
9983
1581
9296
4154
6195
6526
4410
9442
9523
1769
6383
4196
2381
7690
612
8885
7555
1839
8843
4195
8193
1126
5925
6118
1582
2283
2612
6470
7173
2525
1590
8250
6724
2193
1763
9740
9147
5260
1203
1341
2116
9304
7355
5106
7261
8529
905
2031
7256
7532
8740
3704
8966
9320
2163
5940
1539
9952
3830
943
2640
5912
2559
6488
3503
3349
7948
6538
3502
3687
3159
714
6425
8032
534
6404
9543
4286
9276
389
3936
8817
4110
8708
474
5419
7327
2706
7166
5270
7573
9762
637
8441
5416
5241
6499
1071
8769
9692
2798
8811
122
1767
682
2739
7687
6837
7340
5958
6505
1119
3475
3065
5912
845
4395
8337
2011
6934
2212
3544
563
3397
2704
1139
4732
6326
7998
7577
2544
8877
4645
5920
7779
1454
3435
371
5686
5188
4316
8624
3651
7010
7802
7000
7779
8843
7220
9102
4089
8391
1428
9278
5219
891
9782
3170
8570
3528
7800
4170
7912
4474
7240
518
471
7495
8100
9058
1009
6427
8438
4378
712
2503
8963
2940
4062
4718
9224
8828
7473
1635
2570
5478
9152
900
7951
6411
2361
4457
8486
6222
6770
2229
3459
5739
9849
5954
7004
3764
5845
1743
2849
8307
5549
3637
2308
3144
5353
2525
7892
8866
6946
7108
7971
7240
4830
7284
4884
5679
1041
6277
441
5435
1303
4994
3105
9245
2893
8797
4808
8645
8981
1453
5440
8612
6858
8606
5718
4347
2511
7259
6057
6257
9761
5581
4892
999
7367
6243
8618
4079
1550
9069
2059
9182
4498
6810
2150
8631
7326
8618
6838
1392
8984
264
2107
9671
3635
5333
2955
2900
1155
4387
6636
5184
5881
6109
6933
7656
3181
4083
9531
5766
7052
8856
9396
9021
3127
7625
3124
7055
4627
8986
7998
4009
4987
6588
2872
3411
3567
4019
8642
5545
4491
6281
5180
8174
421
6300
6958
109
6548
6236
8036
1674
4150
3592
1064
2111
5825
8704
7324
918
7994
9315
1280
193
9776
1096
5264
6122
4943
313
4989
1732
8283
2812
4395
9027
3727
1137
7615
6399
2908
1383
1712
7333
7995
9173
5720
8983
1384
7026
9530
4377
8221
514
4159
5801
3694
2423
821
9101
1017
5266
2086
4331
8906
7604
8984
7789
8754
1418
876
5737
6708
3960
8757
7087
5265
3617
1073
6775
2933
701
5454
4737
9662
9622
5142
4025
9979
1620
7779
1032
2612
3614
1307
6311
3463
1080
9047
1593
7037
8789
925
832
4045
3228
5825
8429
1958
3119
7205
3771
1181
622
1225
324
4564
6492
8762
9012
6352
3570
5508
5804
7298
6096
4097
9058
1728
8018
5612
6211
3602
7543
386
1829
6510
1960
7402
3361
9373
1703
7945
2661
594
4378
8285
5384
4890
6405
2025
7740
8674
8242
814
4081
5373
7561
3293
9073
372
3027
364
548
8202
8365
4350
5032
8970
4462
5513
66
76
570
972
3422
3369
3261
4643
2796
2646
7662
6703
6313
881
5739
4393
2447
2355
8470
3850
777
6587
2571
5089
1624
7713
1208
375
2383
4740
9252
970
6124
5105
5249
8064
2164
5332
9944
9212
9493
6585
940
6257
8603
8819
1596
2612
4669
47
9858
6710
6635
481
3986
8829
5654
1003
9436
4865
6174
7615
286
2789
9793
359
4062
739
9887
4573
3959
5437
4734
1589
2380
5899
8676
7035
271
3986
8008
6097
5002
5544
5824
4552
3948
4982
3497
5672
5868
8062
3366
675
9268
1730
1337
5402
6354
6913
2170
3711
2540
5068
4582
480
9675
8196
1459
9344
1944
9837
5197
8720
6588
8640
5904
4202
4100
6946
9522
1184
4130
6094
8919
473
6900
7013
759
7800
583
1208
5682
9906
4083
8614
6666
4593
7271
6141
7993
7854
8128
4815
7089
6801
1606
3761
3543
999
991
5042
3466
4769
2983
7314
4431
7062
1993
1251
8865
4811
1203
9527
4917
7829
9530
4376
3697
8063
8891
2572
9870
3078
2810
2766
9090
3654
2968
4736
6923
6240
5985
6442
6946
9543
6334
17
6909
3103
2465
3146
7832
83
8907
3404
2536
4421
5645
7647
9073
5053
4503
1922
6508
3640
2502
1235
8624
8357
935
7590
4913
6632
3395
5078
7429
1605
9191
3954
1685
4331
9380
965
2080
7055
4024
486
9770
142
6802
5814
9810
2447
4316
742
1786
2689
5149
3920
7965
2303
2623
1814
4517
1484
1089
7493
114
5000
2382
5279
7768
3862
4199
5964
2078
7180
236
4022
8140
9465
8173
8404
6333
3810
830
8346
6960
8332
3509
4392
5066
8474
5502
7760
7074
7002
2392
7973
9306
6125
4572
1522
1978
4101
6816
945
8530
6009
7493
824
385
1599
7454
6667
3882
7797
5659
3270
1558
5692
3928
6251
8428
1970
942
6164
4910
295
3878
6424
7480
2249
9245
3756
4402
1102
6310
3935
2066
2379
7290
1607
2478
2404
5852
1196
548
7646
9802
5555
9702
99
1889
2954
8424
2446
7517
2348
8054
2027
2044
3867
2452
2226
7739
7043
2175
1937
1813
4351
5261
3994
6406
1230
2607
7362
7315
4518
8320
1919
7651
4076
8646
3771
7567
5487
5451
4106
4510
2634
1453
8150
414
376
7904
7944
2331
7623
407
2380
438
4708
4147
6461
3336
330
7534
1829
3491
5130
7672
603
2925
1817
9775
4661
1563
403
2760
304
5550
4195
2075
896
1937
6273
420
5585
7457
7781
548
3218
6239
6443
917
9891
1359
9510
7352
9287
637
8056
6185
181
2739
9816
1201
9137
5429
5027
3816
6816
5977
7501
2711
2709
403
4999
2067
5539
8665
8704
8910
9966
7330
1415
3978
9543
3405
4239
5784
4978
8819
7318
1475
9154
6756
5736
5016
849
2182
7748
3451
4886
3148
3409
8086
7121
9829
6581
9019
1452
8820
5671
1163
6582
3591
3477
5055
2213
2009
1974
6044
137
4582
4616
6165
4905
74
9709
7200
4965
6316
6739
3283
9589
9610
4802
4720
8576
9864
7421
4717
3032
7684
2372
5452
8892
6391
6866
7474
971
3029
7941
3138
7682
9615
6875
8659
57
2232
2771
2026
9169
8239
8432
1911
9535
590
5108
7006
79
3212
3247
2651
5621
8058
7571
6913
7077
4164
7578
4557
5212
7627
9295
1753
1566
3898
9187
7473
37
2866
3387
492
6822
6330
1083
1177
9614
2621
1578
568
9214
1325
9304
1307
1545
2490
1184
8925
1173
4665
8239
162
2281
6748
7463
5073
9442
8676
4183
3470
5210
1330
6073
2722
6127
7263
4139
2380
2840
8264
1167
7913
260
91
986
6628
9143
4248
9363
5336
3578
1367
1844
5393
4726
4263
9679
2760
2454
2510
4097
8672
5161
6398
3785
651
2687
872
4421
286
7039
7382
1194
3369
4382
1250
6704
1306
1468
9097
1711
1049
8227
7766
1423
4568
4803
3147
3334
1211
8863
2130
8953
463
8242
991
6827
435
3850
3376
5592
7813
5055
5967
5048
3100
9823
9648
233
7489
556
7242
5497
2219
1323
3611
1977
782
6019
6649
4726
8321
3769
2165
8406
8294
4258
9304
7047
8775
9192
3741
7782
4081
1102
7719
3014
7267
9710
7992
8230
3285
3303
6550
4531
8728
1855
2418
9910
6443
7653
1996
7376
9727
5863
5456
3790
4819
2727
8326
7830
406
6872
5487
5538
250
4014
5477
6785
1957
9936
8279
8537
6981
7231
9563
6113
415
3160
7113
8669
7813
1486
2189
2686
8816
5134
6885
1993
4910
9608
7517
7712
7228
7585
7710
984
625
5041
6459
7537
8234
6162
2580
2484
9981
54
4752
6698
562
392
6336
6859
788
7326
4722
3123
1043
3204
4727
4268
2044
1208
4567
81
6791
1849
8504
6584
5763
9533
2990
3190
6061
1899
6539
6207
6512
1258
9900
176
4006
7650
6619
1605
8286
9243
2849
2674
6827
4124
5919
9528
3164
9338
4936
5983
4171
6938
2525
1144
9354
3923
2362
3584
7026
1983
4723
931
8172
2041
1127
3772
3182
1984
8951
2169
5154
2658
8603
9824
8054
6878
7702
6370
410
8162
7219
9866
6433
3173
5599
6342
1090
2840
5171
7459
3659
6851
7623
1754
6666
1147
9092
9679
2695
2584
4147
3796
1930
6934
8188
4397
4491
6542
2392
3264
5900
188
3953
2422
549
7078
7073
7156
4817
4903
9644
5430
6439
1593
5352
1852
8182
4593
1893
7419
1496
2833
4676
3922
7149
7227
4669
4108
8197
6331
2661
7483
7704
1714
1435
6736
6382
3113
5005
8696
3760
757
5183
2578
6172
8414
2992
4575
4990
5496
867
8612
8567
5319
3738
4894
8139
3323
13
7147
3022
2279
470
2011
7511
7919
7251
8964
2948
3673
7598
1437
5322
780
3598
9226
6523
3616
8187
5897
6301
270
2719
5369
9198
7444
6180
7690
7287
2920
2169
7868
2724
1334
9080
8518
3244
9417
9516
6570
299
8489
1735
9379
8577
3070
913
2234
6903
146
3040
511
2230
7983
7399
4943
6159
5927
6645
4012
1702
5101
3066
157
7608
4650
5327
4241
3293
1260
5258
7829
2592
2846
69
2767
1370
6548
3541
2604
155
6837
515
9928
5006
5036
1529
4163
6677
8834
1761
8481
1273
831
261
8229
7363
5876
3908
3512
2583
7390
4650
7594
9399
4194
156
5672
45
6764
2774
3943
4274
2361
2708
2167
1983
2897
7420
5463
7859
5808
840
280
6434
9771
2002
5217
6457
9635
8511
6314
4495
8715
6394
3005
8476
2890
1704
7438
8174
4843
6698
6936
6232
1862
9088
5585
9454
5940
6086
9002
2707
3226
15
8443
1085
9424
5950
7909
2262
7904
6589
158
8612
3736
4617
356
6039
8192
2944
7531
2765
909
2394
132
368
8038
4828
1542
1809
1145
4509
8687
5991
4349
7943
6904
6521
9989
4214
1951
3606
4888
8623
4391
2172
9867
4450
9342
1950
1824
5964
6172
1286
8475
7727
6930
239
2795
126
5164
793
1134
6240
5534
5199
1516
70
4674
2717
2356
5454
3838
5353
1109
5667
8735
6235
8672
4928
4254
4419
8777
8891
534
2039
2766
8159
5403
3479
5799
585
8612
613
474
8039
1514
3652
3469
4454
3451
1811
884
5293
6159
9529
897
8389
6304
8669
4775
2031
9174
9150
7997
9734
566
6340
7750
5768
4255
5583
3100
1411
9481
3242
5716
8120
6664
7923
3288
1421
1795
1282
6509
3359
1077
4108
1548
1364
7314
6062
150
5366
4301
3489
2639
8008
1572
214
5657
5609
2984
6104
3963
4762
2341
1607
9768
7742
9359
1609
8119
2650
1721
317
3649
1334
3387
3541
21
256
5567
4088
612
7422
7022
9549
8583
1527
1635
6558
7737
1831
1093
8486
9004
3690
5488
7072
6740
303
9222
865
4144
9106
8063
8672
6964
8337
7242
7739
9918
9592
1380
8525
6456
3046
661
7544
5263
5269
1554
1094
357
9630
6233
800
6326
7462
8722
2322
4587
8202
8546
5933
3973
5426
9085
901
6709
1917
7603
5889
9102
2691
8139
8772
2038
3188
7024
6709
2407
8673
7467
4363
134
3693
730
7517
13
563
4484
6759
2283
4253
4669
3196
9577
1294
743
5553
3631
4456
1125
6182
4313
9992
4694
4420
9216
8486
4313
995
5170
5765
5171
8077
9243
7897
8638
8879
4585
5302
1765
4946
9471
7976
9806
247
9203
6780
8707
3575
2320
8781
7740
6619
3899
8059
9341
1084
7972
2806
3593
2950
684
8225
1909
4714
4368
4471
3891
6163
8647
5970
4987
5324
6269
6296
3102
9795
5867
5673
348
6991
6270
846
1334
682
9992
5056
1316
634
2571
1475
540
5325
2902
7676
8175
9768
9074
2435
6967
9318
5749
4691
150
7782
1737
307
2441
9015
3297
5971
6355
4546
4821
9766
6234
2453
251
9656
1327
6016
8008
4865
844
6990
4010
8601
8105
7004
3415
8511
5425
6765
5211
3859
9855
1579
1205
7076
4784
3091
7667
1522
1863
1824
8323
6564
1032
427
9134
8607
2229
9055
6072
9228
1259
7798
9958
7476
230
3435
5490
2025
7997
8344
9164
4359
9000
4047
3188
5516
4222
8627
1409
6636
9225
8925
4225
435
8629
3188
9426
6383
8871
9504
3684
3761
4236
7278
4682
2026
3292
5002
9336
3639
6517
812
4702
2374
5953
2678
5196
9421
8737
531
2197
71
1789
8328
6986
1776
175
5980
707
6082
2753
3461
4636
5445
3322
4011
916
8817
5069
2755
9390
5827
5368
8400
489
8956
1896
401
2081
9298
8984
9140
6715
5601
7717
6876
1539
1386
6683
1544
8358
328
2105
6370
8393
2979
7782
5830
685
4289
7466
8348
5636
3718
8138
3057
8499
6002
8805
7230
2215
5671
5691
3674
3185
1441
3716
249
2811
4891
8776
920
5468
9998
6377
5086
7441
3453
287
2159
8652
7601
8645
3420
7289
1225
3149
7040
8994
5823
188
8738
2642
1207
7497
5834
5609
7868
4239
1471
3876
5606
4002
1701
5855
5377
9704
2070
9612
5965
8358
2967
8803
200
4977
5037
9678
6930
2431
1462
5161
9574
3270
3512
4108
6237
6461
6962
1418
6804
2067
7181
6166
9096
4558
2903
941
6990
9415
2619
5658
6381
8663
5044
8077
7433
6884
8865
4227
4973
2762
7715
951
9465
735
9340
6406
5547
6589
9300
342
2683
4559
4859
4233
5662
6180
2410
5847
7995
3742
7757
2754
7713
3637
4527
3400
1836
2533
2318
8492
4395
2454
5858
2666
7707
8921
2530
4856
9755
3920
9521
2643
3345
6116
4758
4726
6188
5397
7026
8792
7556
6511
9335
7572
1846
7484
9277
5138
3433
2020
6172
7338
8556
2524
5819
5048
4935
7552
8658
5816
1423
1826
5833
3322
6375
8334
6883
922
7691
488
3014
8829
2669
4818
2475
3225
3884
5006
9874
3625
3432
9697
8396
1089
3392
3499
873
7169
7439
5041
8631
8601
3925
6708
8454
3359
8344
741
7167
9263
1973
4645
510
3596
2642
7178
120
9389
3861
8784
9973
630
6157
3860
6753
6981
1168
4503
7653
4944
575
1497
38
5192
4637
901
1466
4575
5814
5788
2179
8346
138
1009
1094
8911
7454
4628
2609
7309
9975
6124
4512
5506
4897
4880
6264
8343
7160
2625
5568
7750
5207
2359
5515
4930
1619
5397
1668
2335
5315
9535
4169
9097
4255
4364
1053
2007
6500
477
6637
8833
7427
6335
4601
9868
1895
613
9088
9869
1365
9187
1139
4228
4760
1323
4676
399
625
2361
8314
8641
1173
1495
9002
5351
5996
4407
8905
4148
9644
9652
6966
3489
8518
4223
4499
7435
553
8953
9695
1879
59
9058
4418
7109
3224
5209
983
4168
5510
5390
3550
9408
995
5891
7452
3200
6996
1902
7127
2741
8357
907
5868
7872
4662
1387
3152
9473
2146
6959
9628
8902
1202
9679
2407
9101
6929
5481
6298
418
3996
4210
5196
404
7139
200
2933
9344
1028
651
7151
4244
2964
6729
8561
3880
6021
9592
4711
717
9615
4659
517
9476
5229
6844
3078
5459
9662
7972
9344
2255
8757
3673
4178
5924
1768
7204
2016
8585
4510
1572
4512
3782
6555
2211
2708
90
6051
3187
6118
9645
7184
6909
5327
4720
9514
620
2739
1173
4829
237
2327
9313
1869
1159
5362
7311
7466
3923
9924
3617
1489
2772
2054
2879
7437
5505
5979
9225
6000
7789
4525
9526
8921
51
4239
5401
3898
8962
8025
268
3168
490
8455
9816
4496
3836
7343
3604
3206
3987
293
1398
9805
8596
8362
6303
1620
7679
4474
1443
6387
1420
9770
1553
1728
3701
3506
4167
1502
2900
3759
2817
5575
6470
8347
1542
8614
6988
5940
5783
9012
1532
9883
3051
4708
1390
4904
8056
6603
6494
4504
5732
4152
1492
362
6997
7496
2723
7096
7970
9475
2452
5216
3497
1335
9470
6689
2625
2925
9545
2519
1577
1743
3241
7377
4529
6219
7917
8736
125
4415
7727
1934
5118
7037
1056
5976
6083
4348
1980
6613
6569
6281
650
9001
2756
1945
4474
6573
7010
4862
7846
1556
6082
70
6904
3282
3189
2193
8832
1230
98
6763
6174
9351
722
5785
9181
8879
9079
3068
6493
4735
7435
4960
8575
763
8679
8762
418
106
5196
5531
2633
2849
7171
8421
6133
9841
8037
8022
5172
5191
3068
1910
1728
5700
9028
784
6930
5351
6037
9750
2001
7768
3811
1763
2762
3753
6342
8335
99
9488
8580
8719
4911
9770
1689
1228
626
7397
8164
3741
3163
3507
4986
4704
3737
2232
5850
9386
4274
9535
1515
9992
8617
6785
6902
8883
6820
4512
5799
6300
7096
2536
5735
4176
6493
9623
3026
8398
6759
158
6662
3253
6023
3759
9930
3707
3074
2368
3555
7878
1519
4113
5326
6183
7982
2
4666
819
8090
4288
7745
9693
2108
5855
1394
1049
6097
7688
2577
4711
2163
795
2235
8660
3038
5826
119
7124
8199
9204
3331
478
8081
2459
430
946
5922
9227
6104
2710
7674
3186
1933
9958
7007
6465
3359
6336
1906
5247
5530
2660
4715
9380
5735
6002
53
3770
9301
8003
5715
7001
3958
6821
2457
5441
6682
5331
5748
6581
8993
4136
1690
1143
7901
8935
3204
2360
4959
7996
9216
6873
2506
7838
4969
5938
3348
1347
3612
5709
6920
4764
3086
8562
4137
9185
1967
4144
8489
3459
4078
2025
1982
6995
787
9417
7048
3448
9748
8782
7971
3847
7702
3526
4949
8363
3762
9404
3996
720
9154
2130
1235
3667
2467
92
9990
7105
636
648
5212
5367
4810
2601
1778
8088
1481
814
8235
7721
6430
6396
6667
718
6964
1831
9736
6872
5846
2074
2385
9266
1051
8058
8217
2880
9847
6343
1827
9856
4700
6730
8716
7875
8221
6496
2883
1353
48
4379
5352
9154
9687
1543
546
7079
7630
3423
2780
9146
9657
5025
9946
480
2190
4252
3943
466
9677
8694
1229
7559
7939
3808
7174
948
157
9966
6386
4217
3660
2827
7021
238
1717
280
2431
8269
5421
3377
6713
2485
3455
8607
3141
313
1988
6075
9071
5926
1976
377
7391
7439
6391
2302
4297
4787
1732
8987
8933
8516
7003
1660
6606
284
6257
6218
4449
1145
5259
2835
2285
3607
6754
2570
6478
6060
3933
2713
3344
299
5852
205
3422
1821
4154
2372
8094
4081
6509
3763
1391
5309
233
9179
6673
4980
8070
6128
3746
1639
395
6839
4880
6153
6364
3177
2019
6785
579
5732
8822
3250
4168
3448
6561
2444
2491
1586
7760
8654
7076
2295
3702
5097
2563
3463
8078
611
6780
7832
3574
2151
9822
2937
9358
6859
8825
6691
101
6302
2424
9630
5044
1456
9991
9993
3541
4493
739
5524
2139
7547
7250
9986
2198
4117
4956
6559
2355
9428
2224
9905
8143
9489
1329
3865
7225
473
314
6208
5628
9862
5858
5575
1859
8520
891
876
4833
1011
926
6206
3247
4824
595
8598
517
7784
4788
2056
9295
5808
9123
7042
9297
8348
1547
7412
9609
422
5929
8993
4055
1228
1892
3620
6997
1990
4168
2500
1454
5056
8116
8318
3834
4952
831
3187
2935
5717
7399
2148
4860
2504
2252
550
7235
4170
6268
6198
7730
4938
8113
5695
7643
355
7589
8860
6823
2535
3665
2139
4089
20
5177
6624
6174
8039
7335
6026
2622
7939
5714
3155
4398
2535
770
749
8099
5387
1202
9775
1037
7695
7547
5078
9303
8583
175
6663
3716
5858
85
1632
7966
9159
5568
4320
1053
4834
4703
1607
2845
4317
1693
2780
9040
2872
7119
8835
1928
139
8353
9289
7748
2015
4692
8597
1124
2634
6083
8542
6841
8934
6831
3614
7323
1988
4858
2372
9852
4010
7487
4588
7236
3201
4485
9956
3062
1454
3024
1311
9143
7087
1150
9423
3920
6724
1114
1413
9970
471
7014
439
339
3177
6668
2308
4847
9981
2397
425
8032
8331
298
8179
5991
1482
1991
1665
6185
7596
240
4253
8276
4321
9181
4064
3237
3598
8987
7909
1302
9053
9393
9468
3451
2095
1988
1823
1024
3550
4120
7595
3947
3435
5000
5996
5800
4208
7986
5921
6595
4318
9731
6270
9714
5781
120
8880
9256
7710
8492
4712
950
7907
4960
7240
6201
7758
9211
6870
4153
236
1712
8443
6753
2413
7903
4002
1871
1014
5812
1099
4733
9557
8207
5404
6791
7009
8663
7675
8878
286
1827
4174
1150
4839
418
4641
3241
9159
5106
6376
9665
5872
3458
3363
2308
9365
8821
9002
1962
3413
9455
8766
8876
6527
8142
2782
9
9055
2286
3423
4694
5189
1056
5833
5840
9522
7758
646
417
5276
9106
5585
940
8868
3776
6784
7645
2403
6432
2241
9023
9137
8098
2220
9855
4124
8153
4637
1679
1887
6546
4291
6701
1396
1547
1546
7107
606
8097
2531
9068
5618
2949
6976
6796
3621
7778
1814
7604
1455
9418
719
8322
1587
4936
9729
4595
1064
7105
3134
8799
3699
2046
8519
9408
3196
175
3500
5941
9552
5058
4667
4103
6358
8080
849
8107
238
6083
6112
8780
5781
3593
2036
333
3958
687
8369
4338
534
1250
7566
9276
7823
4295
3536
941
4613
3767
7038
3611
1655
2188
6788
4129
4668
8425
6625
300
4242
3887
1842
8505
9195
4228
8378
4812
5618
6643
65
9898
2987
2819
5892
7903
8657
5081
834
4405
4950
1318
6286
8530
323
9324
6065
1098
4426
1978
8940
2279
4514
9717
7419
5636
5428
3134
1551
8139
1121
3361
2994
8142
2343
8141
3362
7648
7208
1526
2621
4467
9275
4082
8212
5881
8683
8845
9664
6767
7199
5844
6545
595
1852
8225
7860
1667
6658
2451
9431
3722
6821
9755
3418
4605
6307
6947
3816
3928
1773
9092
8944
3611
8876
7842
6779
8942
5717
9144
7064
3731
4757
4087
2573
5763
4747
490
1331
5438
96
2151
2866
6305
2950
824
7072
4696
2695
9720
2885
6669
7409
2746
729
3493
4134
7336
9105
6715
7250
6692
3464
4115
5850
3641
8734
5974
8912
7028
3368
7982
3464
4541
925
3575
5425
7997
4836
7720
4563
965
3281
1054
1711
2327
3943
5753
104
4185
9180
8798
3914
5453
5669
9548
1252
5942
6594
3042
1232
2721
3142
5405
6760
4187
8822
6536
3605
259
2749
3876
1326
5543
1271
6736
9921
8105
4965
3766
2528
7412
8940
3727
7125
9067
6019
1281
8399
5183
643
8098
2059
3856
9925
9917
9241
1394
7987
6200
3188
5943
5456
7469
4590
913
2421
919
4000
60
4475
3257
3702
5142
8473
8796
8284
1685
3314
6040
270
5536
1150
846
9952
5839
5693
1018
4985
1560
2981
4645
1257
7913
5952
8702
9258
8401
8550
1101
6976
8079
6595
4153
9366
6384
2869
2825
3965
5762
6264
3846
3774
6963
2055
1393
9983
8257
3862
6562
4644
5744
3120
9961
4218
7114
5861
5779
7104
793
1218
9746
9375
7503
4924
1543
1618
168
6603
6750
1110
3660
159
8978
1035
6387
9550
9493
7124
7329
5676
2154
7425
8941
7927
5892
2468
2252
8351
4085
3327
9093
5795
8483
2365
3714
5239
9462
9224
1631
7687
5325
9839
2551
5315
9037
4765
158
9628
1206
3169
3808
2530
2487
828
2532
3334
7562
9604
2389
325
1608
4186
2350
6660
6988
826
5610
8632
5055
9532
605
7209
6657
6355
1024
9566
2870
513
7054
6638
2343
2730
7258
3348
3909
3973
902
2700
6366
5672
3288
5217
8424
2019
7262
7634
8137
8561
3145
5615
2703
4309
5740
4913
9715
9277
5996
4816
187
9445
6651
4904
5696
1412
1063
6897
138
5095
1384
7398
5264
6673
9412
1435
9647
3746
8937
5356
5899
9320
3352
9856
3499
1566
2308
2468
6141
8400
9097
6647
8171
1345
7892
6829
8067
3154
1034
4258
8911
7338
6530
3713
5501
5876
6706
2100
6108
2652
8631
8061
364
3231
6142
997
5918
2460
5864
6234
60
7033
677
7109
345
1116
4400
1686
669
8491
9151
4496
1813
5702
4620
9750
8233
393
3183
7154
6886
9810
8166
4794
9667
8552
6915
8911
4071
3391
9079
4833
4658
7568
4736
3397
4185
1494
8567
5769
2322
2541
8634
5017
6223
9109
6152
8738
567
9916
9790
6519
8557
4613
8049
1752
1927
6889
7974
7782
658
3554
1324
7234
6843
9154
1407
1668
7270
609
9968
4982
9072
9245
6837
8779
7134
5132
4755
9169
3333
7264
9511
4530
9836
675
8480
206
9881
7169
3268
4985
2731
1646
7127
3381
96
4012
7296
7236
4463
9481
4625
8918
2576
7397
5366
5462
1913
7225
8659
8318
667
6392
9578
9910
755
4147
5115
6790
9556
8329
1995
9310
2551
21
1208
1581
4641
7919
202
3456
1915
7970
9025
2975
4383
167
4379
9879
6059
4687
6038
9143
405
3682
140
6040
181
933
1417
7087
7961
5067
2927
4598
1813
807
5829
6614
2245
7281
2518
1356
8283
4838
243
5102
5390
8996
2709
6112
4899
6303
6986
4847
8940
6607
7072
6913
6787
6548
8156
8989
710
2315
3560
6660
5258
8107
7083
5617
9359
4165
9587
764
4139
7168
6893
2328
9626
5633
2521
5346
6197
7090
5295
3506
2808
2005
8107
456
9506
6820
4023
2212
9215
1298
2717
9670
1937
8238
8849
7358
3509
6187
3210
7502
9028
342
1302
7430
6841
5643
4588
8403
8173
2765
4757
9870
6047
3453
9673
7168
949
9550
3575
1335
3492
1906
4426
8806
9454
362
2346
6901
8027
9257
40
5566
7501
9191
5300
5138
864
8367
573
6663
8494
5014
8441
334
5765
973
9524
7142
2782
9327
6240
6819
6698
1632
4738
1263
8103
2231
7156
9364
1224
444
2725
4071
947
435
9081
2848
9903
9414
4639
8770
6882
5631
2022
4540
6115
2457
8166
3931
6533
2053
9255
5480
4676
1016
1707
7049
1271
7969
8711
3715
6720
6347
9861
3334
4296
7622
1184
2951
8090
463
2029
5227
6748
4819
9244
1074
2423
2030
8992
8632
6910
6947
1064
2094
1366
8143
7855
9637
1519
7435
168
7019
8515
3317
8425
1259
5014
2382
1788
1831
4410
6566
5910
4443
3794
4912
8277
2373
9227
7554
3427
312
1089
7975
3359
1693
2605
2878
1144
384
2309
5916
5305
2737
7149
2035
71
3222
5890
3591
4956
9019
7767
5591
4494
4876
6024
435
4774
2210
6873
6162
3518
8502
8304
5285
9749
5844
7023
3795
6494
5870
5729
1935
4140
826
4329
7572
358
8321
1920
4282
4757
884
6587
3154
1025
692
5660
3551
35
4282
4081
9602
8298
5731
1304
8870
1296
5689
6212
8402
2343
3960
579
310
6829
4665
3746
1657
6994
1674
4080
4827
8656
3677
4381
9992
1012
598
5867
2621
4803
670
8336
2974
9186
3293
1124
1402
2535
7880
4895
6941
7693
6058
4841
2074
8597
2488
4478
8474
8243
3973
8622
921
7382
1185
1659
654
1260
7718
7340
235
9306
6871
4353
8205
2903
355
2352
8608
8331
629
4230
8184
9967
6499
8025
6759
273
6201
3354
3490
1422
9358
2704
6472
1862
5263
4328
1117
3663
7818
5556
829
6308
9182
474
2454
5134
9525
8516
981
1909
2380
528
8466
7385
5565
6083
6606
4914
4182
3168
4366
7751
9571
9893
3194
9777
8824
19
7938
2055
7221
1164
473
7521
1952
3007
6096
2811
4182
84
4456
1903
419
4469
4328
5444
8727
307
3959
128
5354
1547
8429
7370
7510
9282
6260
4308
1572
6972
5936
497
6442
6909
5557
5297
3794
2425
3934
5838
9679
1370
557
9596
824
2472
9346
401
1625
2953
260
5410
9930
6943
3976
4754
3690
8462
760
5485
579
4077
5308
1731
1532
5951
2506
2991
6840
3104
9945
2404
7572
1403
2596
7754
2266
4237
3119
9121
8
4731
2730
7825
8540
1093
4538
4733
6381
7525
8421
3547
7646
2440
8456
7927
1639
2791
8175
4354
514
8266
822
2123
8673
3797
2662
9458
9584
1711
8207
8155
5543
8145
4096
6543
6225
5581
2680
2152
296
5656
8104
8556
5877
6115
3786
9002
8845
2679
4808
3895
8899
2450
3334
686
2651
8345
2436
291
4144
9032
3522
1852
8148
9488
8777
5396
8939
8543
5539
5332
266
9803
8685
9885
878
7062
709
2659
4261
711
3308
7064
1462
464
4802
8228
306
9022
2563
8610
3401
6311
5724
963
8709
4600
662
3574
634
7933
0
798
3073
2227
3971
7246
3820
5093
2933
6344
8368
2356
2577
69
3779
9909
4379
2930
4129
8609
2161
4914
5152
5608
2080
9223
7603
3413
1056
208
6262
6693
6787
4747
3905
2876
2580
6299
8021
2425
8768
3570
1752
4567
4165
3169
7573
6576
3671
9295
2159
2075
8348
7557
6220
6766
4613
2184
9127
3513
2258
9168
9229
30
1192
5324
599
416
7922
9310
2779
6668
6788
1860
4036
1647
882
8140
1169
3074
4339
6250
8590
3695
594
5313
1565
3692
9514
5948
6889
5311
3454
6649
1082
838
894
9344
9533
4363
6366
6569
6374
1225
8944
5188
4983
4635
6872
2810
7407
9035
7686
9080
7282
822
950
5196
8432
6822
673
5697
9818
4536
6841
4140
2511
5064
8326
6182
9040
5653
5406
1998
7170
8205
5205
5641
5731
579
9808
3201
7341
1401
7507
5313
2669
757
9003
7044
4089
3537
3541
9515
7280
1883
8766
5359
4395
345
368
3934
3303
6354
9971
556
2625
9622
3253
191
2645
8464
180
1928
8426
1929
1284
8166
2706
8624
9483
4632
108
967
6959
3591
7464
8541
5434
2525
9912
2870
5520
7668
8077
4038
1189
9275
2312
9622
9907
2589
5854
8621
4313
2007
8883
2197
5699
3477
5964
3977
7987
3147
33
4815
9538
5399
2381
3077
595
9770
2137
7359
9867
1041
7714
896
8854
9878
4060
346
3237
790
9374
3747
2788
3455
4935
5154
9072
2541
9628
8150
9937
5688
4196
9218
9728
8984
8760
2156
8506
3757
8830
8378
7738
6292
5235
4114
6474
187
7937
7132
3923
4450
392
2679
1623
5655
9069
3937
1327
4880
8500
80
6827
3217
9101
9564
6
5283
3874
524
8697
7847
1246
5234
4281
239
6161
3473
609
4330
8706
1605
4195
4044
2978
6539
9158
7829
4358
8773
5742
4168
7419
1872
48
592
7509
6674
6913
5337
5552
9439
8763
6441
4834
4024
8095
8264
168
2344
8241
4934
706
4864
2712
357
304
6710
6859
7867
4700
191
1986
4772
6848
1716
7593
9944
2045
165
309
4042
2814
2694
8928
3882
7013
2797
8532
6467
9316
6390
2497
4799
2988
3588
3424
8257
9099
4061
4833
4364
4189
8342
9732
7196
7491
1979
5743
9874
3469
8797
6195
5820
8121
2671
3787
2103
5890
6295
219
1566
5203
8507
5024
8287
4617
2118
3008
1479
9069
682
3374
2019
7961
3969
4169
631
6674
6432
5189
9119
375
8938
5047
940
1990
7387
778
1282
6361
4865
4065
2990
6876
912
8122
3894
2692
3681
966
2183
4892
991
7734
4040
7668
3252
5574
141
7409
5502
940
6090
7098
9401
3766
3730
9084
2018
3252
2867
7849
1299
6708
3888
9238
1777
3971
7065
1126
3537
5472
7197
3893
1523
9348
9702
2274
9626
7449
7840
2304
198
1597
4498
314
1295
149
7643
4598
8702
7960
9618
1383
2334
7212
2512
1565
4727
799
4834
512
1490
5816
4929
4874
3523
1422
7920
212
6708
5174
4666
599
9441
8369
9300
3202
7128
5940
1804
4083
1791
7178
5869
7247
5914
7921
2528
5933
2249
7165
164
4421
3994
66
4207
1253
8565
4872
2240
817
2480
3791
7758
7482
7875
1698
2261
4242
2482
4636
8062
2666
5949
2833
4403
2160
8310
6542
408
7548
5478
1371
519
60
1198
7803
8314
8033
7015
7464
8519
5568
2963
5112
4436
6756
2203
8416
2832
4476
258
5665
1639
3192
9380
3887
2642
7771
9208
864
2800
5139
9566
1485
3354
1426
1154
4863
6010
7069
4008
2441
556
95
3809
6941
3362
2238
1764
1902
2192
1081
5021
4132
9601
6298
9189
969
1457
5892
1374
9627
3277
8015
9251
2377
7704
4218
7194
1559
983
6490
1646
8184
469
8959
3844
9806
702
9751
9491
1104
3718
8986
500
9957
8597
3998
8159
3370
908
232
9385
97
7391
1916
5461
3040
5695
8450
1416
9845
7171
6886
9959
564
4805
7998
5890
671
6851
8135
8430
2338
2533
4399
8498
9739
1623
483
4230
4780
9643
419
8839
8223
4391
4117
3681
6495
7647
6334
5673
1115
5608
4820
7457
8344
8153
2626
1856
2595
6300
395
328
4598
9754
7057
9960
7858
60
8417
9739
7817
9181
8547
8530
4709
3573
9356
778
7026
6715
3600
2294
4853
6622
3804
5783
7508
9456
7613
3937
4623
3767
1293
4400
2657
8309
4713
8510
4105
3056
9193
3698
4279
7192
4796
7320
895
3403
2425
4653
4531
3777
4292
9060
9284
892
4078
864
5593
8542
3624
2521
3931
7185
7620
8442
9111
9746
4392
4324
8660
3823
4695
404
5762
3208
9436
8206
205
2506
2772
6781
6507
4150
4329
1626
3161
5029
7275
6494
6128
4764
2607
8166
3901
6760
8994
9859
743
908
3650
8600
9879
9414
7946
10
2518
52
3100
28
7501
8540
8003
9826
1012
6247
9130
518
8516
7912
7099
9052
6300
1076
1253
8249
9287
9133
649
7279
7609
3371
4334
4380
9152
5283
2991
7361
3290
9326
2349
6122
5881
9428
5264
5258
6171
7083
4606
6680
1917
2514
6839
2657
3883
1095
7727
6542
8911
470
4494
7536
9512
8659
1419
2413
1326
1308
367
563
5870
2254
146
8522
3578
78
4181
221
4950
8826
8118
935
7253
8278
4229
5442
1066
5307
7225
5935
7727
5535
7824
3951
5441
9000
8634
9738
6860
6123
6952
1965
8419
8496
264
6458
4350
9414
355
4708
8003
4130
4835
9489
5075
6265
4859
4949
2247
1206
5563
4120
7409
3949
28
7559
1086
4295
70
4832
2970
3065
8891
6875
3775
3303
4155
5473
2948
3499
529
4626
9675
6297
2945
1063
3091
8143
9821
6893
2460
6503
8931
7405
9034
5708
3634
5578
6499
1850
6013
5330
9412
3220
6347
4092
9896
8251
8783
8312
4860
2475
6403
4015
3852
5446
5750
7355
4397
3497
3441
875
2764
7983
8932
9157
7790
6403
3344
3847
5236
6815
9676
9543
5827
5193
3000
5439
2581
5355
8067
6380
5817
6909
4340
6018
6469
2675
4638
5052
6611
6974
1477
5964
79
2022
2609
6060
6701
823
2771
3019
8217
8907
7933
8461
8345
5916
2702
6765
3376
4766
8948
447
6467
6105
6506
2725
9319
3126
8229
56
5731
6646
9596
7733
8726
7071
525
7883
8899
8735
3897
993
2676
1056
8539
5079
4977
518
2535
12
241
3022
9740
3388
9130
1606
6615
5454
3087
8735
1965
4351
6542
9157
9345
7439
9733
2965
2330
2088
3089
7762
9058
9440
172
6592
4673
6495
2134
2125
8302
7815
7008
3287
9359
7966
6397
8460
3688
1415
8513
9380
8439
3025
3519
4451
5441
7679
7508
8410
7761
2646
5601
5435
1381
299
4447
6158
154
9338
508
4458
4176
5622
4131
7641
3717
9202
1283
7605
4705
2929
3075
8913
3709
7077
4802
7256
3959
9138
1138
5157
7116
7573
7419
1154
8958
9228
6177
3480
6041
8004
5727
6028
8180
5437
362
3759
5945
9191
8652
4885
1281
7232
1157
5330
8249
3764
3982
7528
7717
2802
1294
6239
9700
6706
5564
7583
7079
4837
8428
5038
1532
6978
2019
5455
6504
4902
7539
2886
8290
1683
5161
2037
6041
9457
6330
5175
8682
3683
9364
5973
6855
5005
8274
1870
4379
7207
1523
9538
8185
8484
2805
1092
930
2088
4606
6873
8718
3851
9147
4806
3570
733
5981
1245
8942
7847
482
9937
2098
8085
467
8941
3409
6855
2310
2180
2687
5893
4674
5990
2573
3559
6584
4977
1939
4072
6374
4022
8765
6608
7631
1402
9402
7955
9022
8415
3078
7442
7989
5771
9278
6529
9009
5135
2251
4264
27
5444
4358
2430
6803
1071
9530
8942
30
3380
5825
2394
3533
8384
3546
6415
74
8786
622
3956
2916
84
9432
3779
8360
5062
5946
1289
5286
7038
2484
1416
1668
3744
6791
3906
1543
739
6008
9196
7050
9112
3161
806
6505
7758
1957
5729
7481
630
958
753
1577
8040
7054
140
9042
4833
2169
332
8290
2586
1118
3911
2465
5344
2123
8288
4390
1318
3244
7845
3756
9014
6018
9258
752
894
4579
4210
3940
9405
9716
216
5550
5468
1685
4259
3141
7762
2784
814
8091
4748
2784
4208
9964
4586
3828
312
35
581
1629
4070
2459
5655
3010
5752
6582
7594
5711
6837
8925
5636
9420
6994
7406
2858
5633
3062
7279
9782
7387
6135
7176
5140
5998
1841
9737
257
8498
7625
1491
900
2928
390
8706
8481
2010
8347
7806
3785
6091
1321
4897
8941
861
1756
2506
9174
9181
9761
9553
6996
4229
1769
9479
1171
5425
3020
8655
93
9339
4486
3835
2787
343
1514
8714
5523
5568
594
7506
9871
5636
8143
416
334
6026
6772
4576
2773
9274
8839
7181
2098
1387
4270
7012
1621
2463
3554
2694
9540
1228
1188
4071
5001
1017
8800
6912
8522
4937
4184
2887
9182
6015
7433
5692
6618
1845
2653
6761
8203
1792
9055
8516
3195
7924
2759
7682
6582
6896
5351
3020
4956
2291
1086
8951
8250
3665
7620
934
3807
6545
5023
1184
1777
2314
2372
6343
8156
7872
3819
7484
8483
4102
348
9744
5577
5050
548
6729
8019
5954
8509
2652
805
8809
8605
4519
3001
2795
432
7350
8105
2525
8093
4587
4462
756
1813
1927
4191
8934
5800
9477
9535
5281
7442
6429
4258
600
9938
2225
3491
3730
212
2077
9411
265
6223
3784
272
3129
9112
7018
6979
8470
8119
1477
6614
1455
4014
5088
5133
1363
8466
391
8244
5889
4972
9742
2931
717
9123
1656
6570
8617
4495
1312
3015
3734
2268
7814
459
2022
2248
4270
1358
1424
6817
6384
5460
285
5615
7520
4410
6791
1546
3144
4670
7109
6260
1137
7174
2319
2037
4570
3558
2378
2331
2601
4629
3503
8698
6951
5330
7048
4893
8934
4653
2825
1948
1269
6525
9291
4672
2277
4937
6878
2587
3061
7588
4354
4077
339
2161
2066
3779
2181
327
368
6260
4653
2507
5564
9961
7332
4056
4909
154
9318
8112
4164
2785
8079
6147
3699
5650
2556
4473
4603
6816
133
6920
15
8425
572
6489
9803
4817
7292
7918
6332
374
8926
5981
4444
4241
5777
4767
6929
1738
6456
6665
2887
7771
797
9932
2350
1697
3004
2181
6516
1321
2232
4069
9197
2604
442
3230
5678
312
1587
8991
8996
7786
8795
2490
7240
4294
3610
7646
49
6554
7033
8801
1567
409
7851
8996
4782
8419
1427
6991
4100
3774
4990
1539
3840
1135
7248
3407
6777
2296
3843
7098
9012
7525
4056
3133
4712
3673
3084
9111
2384
440
5416
3928
4704
2376
858
8816
5792
3518
4781
8292
6814
4237
9515
9460
3109
9822
4353
4784
4924
5185
8149
1816
7651
1565
1261
7027
8487
755
3722
2167
2905
6579
8265
5892
6210
4565
6539
316
294
2927
1509
9881
3037
1587
255
2151
1696
9461
4170
9402
7361
9193
6163
190
5221
9981
7669
7
3627
5897
2736
1510
1690
3921
8139
3442
397
6815
8941
5295
6894
8124
1474
4830
6124
7287
6780
4566
7815
5272
6257
3711
7281
3383
6852
1215
7547
7866
5943
2674
4467
2541
7694
4854
3068
1549
3508
7753
7573
1676
8288
7146
9355
624
8015
2120
727
4296
5033
6541
2705
2785
7074
3653
5922
4706
5610
8683
3024
1831
3276
9899
4673
9710
5905
2982
2305
5395
1779
104
2347
6138
3467
6862
6592
3761
8751
5642
7825
1266
3428
7008
2915
827
4153
9980
8377
606
1177
3917
1347
480
5629
6716
4956
2936
1518
8639
4539
2943
314
4704
2112
3199
2783
9473
5440
7055
8399
8347
3259
9691
7194
8874
7095
4561
6024
8469
419
6061
8135
4431
2305
2663
4498
6615
2926
6798
9220
3193
2247
1727
2903
7733
1548
5246
4765
7928
82
8394
2129
2895
7299
406
3868
6521
8134
5277
5407
6953
7642
7268
3988
547
5680
7059
9737
4734
7604
5048
825
2863
8002
6102
8120
4953
7749
9652
8379
243
2291
7579
1413
2966
2179
194
1274
9829
2514
7871
4105
5808
2265
1625
2499
3408
1276
9655
1029
6181
1350
8233
5231
9240
8467
1732
6126
8384
7073
6998
3949
8883
3360
8975
9232
1324
7835
703
5012
2115
883
4678
9113
2628
8640
6540
4956
1678
7871
4154
6232
8771
8214
7222
4254
1661
1392
5257
8492
1174
2349
1731
4299
2383
9454
3335
7327
2419
2699
2187
3078
9098
2884
3426
7411
396
9709
16
3276
1105
9752
6375
5315
5740
9462
5264
2065
9591
4576
1
3451
7857
3818
7352
9281
3281
843
1678
8784
123
4575
619
6554
7892
5716
2119
7758
8032
3068
9593
3118
1667
1157
9020
2284
1111
2227
2668
5973
252
5425
5516
7421
7049
4548
2814
4707
6346
4035
8838
9076
6014
1088
2863
9245
2443
9000
555
1532
1461
7623
9842
2853
5742
2623
5991
3642
3537
6953
6141
3129
1831
5013
4592
2660
4491
3789
8700
8212
6032
9164
547
5600
5835
3822
8590
641
1124
4004
11
1649
8022
3514
8842
5831
3990
7870
4662
1011
9204
4592
2054
8775
115
6830
8481
3656
1453
5713
4953
4956
2701
2092
3559
6928
739
8674
7476
1260
964
8985
1508
5974
8727
2305
340
1206
9138
3461
9094
2813
9651
7883
6520
6262
7260
6249
3279
6366
1460
5969
9487
2453
2400
3434
8909
2823
9492
9516
1481
538
8325
5374
1701
385
6567
4229
7739
9475
6633
1659
5900
9459
8142
9767
3943
1139
5744
3666
7043
147
3200
7163
6808
2012
2346
9851
1230
6444
4295
14
4399
5561
5218
623
7533
952
2999
3101
5295
1671
6554
7857
9230
976
7235
1810
7835
9692
2310
679
2868
5986
8324
5473
8514
478
5160
9047
9472
642
4886
2782
5258
2000
5541
2906
6142
6612
2161
6148
2571
1642
4573
9262
2014
2905
3906
9945
8199
8622
4708
8651
6421
2700
8282
4141
2202
4847
7012
3743
5603
5979
6461
6358
1753
7118
4811
9313
818
7983
4417
8011
9614
547
5605
3704
1082
3518
5
2709
3635
2702
7988
5261
8949
8143
7316
6664
324
2120
8658
3629
6367
7347
51
7446
5374
2722
9072
1810
9980
631
3619
4213
2458
2960
6202
6172
9627
7980
6814
3502
4388
5694
3493
832
4035
9907
4514
8558
5601
3370
1588
251
5695
1645
2636
4418
7207
9143
6457
1262
8390
88
8938
7185
645
469
3689
198
347
5565
7224
2608
6230
7665
2966
8120
2099
5566
1772
9641
8553
1909
3668
2997
2308
8028
6836
4023
6827
3675
2989
8820
7256
7992
8893
2516
2498
9913
9879
5442
2411
9649
2278
8007
8797
8830
2411
2350
5663
3702
6536
6904
8896
9208
9492
8506
4257
3580
4021
1334
5863
4178
5595
3693
3128
8083
9529
5069
1465
8194
5637
6283
9982
8820
8695
9978
8173
3026
9904
2279
2333
2458
8122
5364
2587
6147
2496
6221
6150
2711
7401
6748
4509
9585
6847
1189
5054
9762
2366
7634
8998
7436
109
1605
1217
8551
5062
5690
6482
1418
5635
4546
9623
2634
6501
3355
8365
2481
4660
9098
5918
1736
876
2352
4546
4276
5986
8778
7368
7958
1367
11
9007
8831
6355
3044
3543
7975
4561
9003
2304
1134
7683
5670
2029
2908
7358
3532
3407
584
1247
5582
161
4103
9497
3813
2778
5419
8292
9012
2085
5935
3298
3948
1234
9815
9596
2234
5504
3375
7731
3769
5352
3269
9552
93
1221
8675
4966
1836
562
2869
4839
5717
5621
2510
9329
4766
4844
310
4303
9585
625
7972
7307
2095
292
6130
5989
5796
7501
1976
8483
4720
2106
7837
9207
9526
1475
560
3109
5233
1511
8589
8235
2901
4844
8831
6083
7987
8968
7050
5229
1618
1719
4032
2597
3168
8766
5800
307
4163
3510
2696
608
7783
3687
1474
6495
2726
2870
1576
8590
6561
6628
1130
1203
8989
7058
4288
4093
9204
906
7705
5775
1136
128
3620
5204
7370
5479
4143
9783
4707
1208
1683
8140
9199
3961
1410
3364
8607
9694
7362
732
6870
7894
3528
3997
2105
8085
6190
8706
2497
8971
3101
6269
1851
241
2190
3059
8608
4473
916
2325
6758
5637
126
253
349
3947
6444
932
5543
1292
2277
77
4014
4887
209
766
6344
8933
2246
4518
2406
7330
3444
4568
9895
813
8479
3492
2705
6811
5664
8303
6214
6985
356
5310
1335
9386
4875
93
2623
5277
7805
8916
1378
5889
9972
5767
7562
1557
5675
7076
7120
3075
5118
9344
426
2905
725
288
8848
1109
8517
3382
5207
6386
904
803
3050
4852
6469
1481
2036
3626
1532
161
6108
4750
7165
3225
2278
2949
6239
2454
9498
3822
6225
56
4247
7948
2103
4871
8296
429
1368
9455
4045
5793
9838
3017
7974
6534
7947
1843
7518
923
3589
8771
7809
2200
380
9107
2735
3601
9155
9276
8603
6734
9886
5016
9757
1611
8476
8324
5131
2014
1598
4190
9974
2209
6413
333
8144
7417
2562
2979
8702
1697
9362
4744
9529
3022
1254
5598
3523
5632
7001
6128
8419
3062
6636
3311
91
4969
6457
3887
526
2928
2977
3788
9565
2202
3338
4821
1443
840
7348
3774
9819
1019
8939
6602
8888
2243
6471
8516
996
8656
1641
9436
5815
9742
4982
530
1736
7413
1951
7058
5066
417
3784
8491
4278
6930
5838
7582
6331
7063
7071
1565
1131
6967
808
8883
5874
5949
4902
9538
8842
329
48
8566
4715
2286
9347
4666
6025
454
7399
233
4872
7638
3645
81
5785
7281
9184
5110
1794
631
7681
4954
8470
3021
3237
7424
3023
9942
3165
9637
3904
977
6703
4141
8331
509
9619
6359
3500
4313
2987
6969
7959
8191
8563
5538
7968
7924
7694
5049
119
8469
9571
380
7683
7675
1655
6160
3878
8525
2103
903
9831
3403
889
5921
4668
5846
2441
5773
4627
4241
4878
8195
9613
4722
788
7881
1086
7401
446
6022
5325
241
9365
5019
1158
5601
3364
7818
8379
3483
8652
5346
4810
6025
8089
6076
9546
4988
1175
1290
5261
7492
9900
1741
7982
2563
5742
8999
3198
1330
1960
9250
1148
4927
309
1309
269
6619
8314
5103
190
6863
8142
9456
6707
9524
1970
5256
5850
6926
2159
5176
3326
4579
6976
4256
1643
344
5962
4078
4105
1144
4509
1875
1908
9514
9384
404
2388
232
9920
2600
4909
6015
3643
7046
5465
50
1276
9866
8736
5768
6334
5053
9673
2015
7532
6319
892
247
4157
9066
4947
1934
9620
389
4046
1265
5771
3102
9804
7874
3455
7328
3972
2209
8575
3469
8166
6022
4173
7197
6234
1119
7592
6935
7856
68
2874
7579
8518
5159
8672
5864
6540
5355
4633
6306
2024
6131
1086
3387
8849
9187
3286
8313
1615
455
6850
5093
3828
8196
2554
3192
6164
5540
2213
5735
7058
7360
3105
2821
9550
6558
7299
6345
1616
8832
5364
9391
4886
1642
1794
2209
5852
9913
8193
1266
2714
2534
2820
5156
4479
3209
9751
9130
2160
2997
8960
3501
1223
95
4579
9219
3797
4260
6446
6373
3587
7
2643
4767
3627
9196
5479
348
2092
3786
6520
8955
2089
5817
1283
5799
6944
9643
8701
7116
1918
6
7996
5586
8430
7879
7802
5632
860
4131
2166
1764
1388
1408
7926
2000
9070
4284
7791
7184
7222
8559
9876
4842
7384
8125
8286
9418
5204
9051
9053
7998
3703
6334
5962
6660
9908
6436
7944
7846
151
1219
2485
909
5574
7855
1173
8287
5060
3264
5097
5694
9349
8803
8892
295
9953
1497
4803
8144
511
7275
2106
107
1377
3798
2388
6049
8681
1198
4217
1046
4509
3546
7289
6214
293
1549
6329
1015
4826
3991
240
6770
6068
9181
7830
7382
9109
4485
1510
8214
6074
2126
1422
7972
5864
911
8627
4336
9492
4816
4822
2977
735
8492
1774
9765
6016
6685
2712
6157
2413
4163
319
6993
236
1308
968
3332
174
7652
7616
4562
7656
7591
9821
7639
1515
7543
4212
1964
4905
4165
2879
7204
6376
2115
8558
5212
8801
542
3980
6345
2917
4900
358
7120
3593
2206
5009
1
5739
8309
5449
6195
2924
236
9311
4715
7548
4894
2020
5431
8536
4446
1780
3555
3412
8098
2910
3072
1420
2249
7031
3831
7152
6637
6140
909
4946
3170
8554
3400
9112
4471
619
6178
3278
6674
3850
1580
1720
2581
1808
5034
6753
8036
2942
8224
9823
2115
8016
8141
8476
999
2578
4524
8766
8416
5668
1308
373
5310
1916
782
6669
1991
4745
941
7191
719
7482
2755
2158
6296
5195
8929
7988
728
4758
2465
2778
1748
2193
1088
6884
9630
7353
6572
2993
7575
9393
527
3224
2681
10000
713
4206
1464
4371
4901
2551
690
6479
1573
7992
8076
8142
5155
1913
1982
4820
7501
6132
9992
9204
6844
6147
2989
7236
9080
5452
8181
4822
104
2377
4340
7122
4149
9915
4522
1671
5783
3816
1393
6558
4778
8189
4205
6095
8384
5388
9872
8464
9414
4153
9047
7883
7352
9008
5393
8704
4179
5180
2690
2631
913
1086
1212
2790
9878
2011
4661
2652
880
6743
7125
3730
1536
5649
6307
2747
4099
2361
8293
645
9820
1564
3203
4102
8027
4693
7805
7361
4674
3868
3997
6843
2413
4178
5714
4344
7803
9886
2993
3941
102
165
8942
7068
2429
3707
5413
1336
5947
4874
6609
5524
2614
4447
3109
3239
265
4567
100
8354
5227
832
9152
17
1283
7500
1084
3792
4848
3307
7710
9946
1504
1645
2348
4111
2211
6404
2050
5860
6323
5174
886
5352
8504
6715
1464
9078
7668
9914
9248
2950
6756
1451
7591
8606
9263
6023
3200
3089
166
3448
3405
1194
7068
1198
1777
9507
2865
6374
2416
7332
4695
523
4525
4146
6128
7264
1368
6955
6138
2021
3971
869
2432
2529
7723
1864
6791
140
2769
1485
6760
4702
8504
2427
5044
6249
8759
5239
2441
6592
5874
854
7475
4118
518
2718
4674
416
6851
7651
2012
2825
6295
3114
2133
2547
9576
827
9083
8078
5865
6888
4264
7569
3085
5146
5316
8300
437
1526
7269
7017
6045
1303
6380
3839
8571
2819
6748
2186
4497
5178
4670
9682
7476
5411
3858
9182
7414
4956
602
2649
2014
3377
1310
7687
4964
9028
6634
9682
6411
631
4012
5281
433
5967
3870
8847
9690
5856
9818
774
9718
5520
6934
7965
6349
2852
3658
5989
7183
6302
828
9249
8039
9049
1241
1400
4819
3574
3780
3310
8459
9353
978
9730
6480
1913
8465
7857
4594
7650
712
6693
7336
3818
7623
7808
338
8840
6961
9048
2553
7784
9733
1165
2518
1763
5193
4062
2312
6713
3421
4861
8765
9233
4287
1182
8479
5648
1420
6738
1099
7793
7650
7430
8828
10
8184
486
6370
9056
72
4753
2520
8390
1070
5809
9069
725
3102
5545
5462
2141
3608
9865
3889
6917
9574
4328
1811
8932
2016
7836
213
5060
1481
8257
3007
2555
3771
2701
3359
6883
2135
4128
6302
1087
5647
1981
4663
8715
4038
9163
7094
7070
4531
1236
5235
6240
2533
4816
9967
9429
6862
6614
9938
5453
79
3091
3590
7709
2869
6414
9190
9796
6811
3896
3391
5045
274
1916
802
1054
5203
1504
3921
7429
6446
6815
5306
6825
4837
5166
2384
8311
3054
2441
5454
6530
2735
2450
1441
3146
1700
3465
7986
8504
6584
1714
8379
7708
9246
1400
8880
3773
4572
3215
8060
9093
3306
922
8105
1559
7120
7025
1769
6140
8077
8286
4570
4979
3989
4262
4619
5652
1110
4464
6486
1088
7113
6439
2345
150
2588
9712
643
7713
4260
7072
2249
741
6426
901
5621
482
7658
712
8859
5413
9763
2045
4682
4938
1046
1253
1234
85
3324
2629
2531
3942
8540
9209
7102
8966
9922
240
232
3315
6993
1801
2412
5155
5951
1540
480
6120
1291
2874
9358
2008
7101
4399
7403
6723
6990
5141
1760
1914
3132
5495
2070
1641
89
728
3726
6203
6871
6770
8628
3411
1029
7661
2848
6726
6840
1387
5606
884
9855
3251
5231
265
4105
8426
7134
5563
1459
3961
9358
2729
5860
5235
5042
4607
2471
930
7876
1114
6752
2463
5714
5198
496
244
7071
5017
8209
5149
6331
6278
2710
4475
2504
9849
7802
5783
4062
7946
7878
5866
9938
1658
5587
3936
7453
9325
9992
1432
1164
5813
4764
2490
1124
8993
478
4177
7676
9627
734
4663
9366
6284
3207
3524
7552
4094
4133
1704
8897
4717
1041
8456
7271
8279
9690
3673
5719
2782
4825
4333
7021
2178
6630
3546
7090
7033
4410
5858
2257
6515
3486
1826
196
8097
3907
13
3679
3932
7769
4842
6931
2786
223
5781
9732
6314
8014
3501
5834
1582
6062
681
2031
5401
8039
4135
2034
3975
583
7701
4152
4642
441
2421
1375
4771
2458
2004
4128
7502
23
7118
756
6200
9582
3056
8079
8252
3188
9540
2741
147
2192
819
350
7540
8357
5765
238
252
5543
9609
1494
1025
3605
5220
334
922
260
1067
6711
4092
9233
443
4491
4221
7115
2118
9119
3412
1312
7744
7120
1571
6672
9911
8960
7805
7089
9132
9750
4980
7345
1030
3647
9838
4685
4561
8601
598
7483
6905
9216
8806
1177
9502
6532
173
7852
8444
789
5819
5176
7669
9732
6758
2850
8078
4856
8697
2357
3856
9653
958
2941
875
2052
1245
7265
2793
8658
3604
5199
5854
7653
4655
5003
4174
6398
1848
6967
2098
8565
4382
5153
6966
7643
6887
4787
4460
7156
4751
295
3532
1978
9385
3227
5591
5212
1260
9924
4379
7442
319
152
6613
2494
6021
3962
6128
6790
546
9700
666
9086
9682
1320
9494
4902
5340
6899
5697
861
4050
3918
9260
5967
3078
2886
1068
1578
6876
574
9947
7107
2862
3124
5829
4442
2014
7071
8260
4528
8135
5983
85
9414
988
3434
6660
6571
6407
4814
6571
5240
8825
7566
8846
7260
9987
7924
3710
3772
5726
9129
831
8704
3654
515
8901
704
8105
3977
3734
4049
3708
2236
2717
704
9824
1625
2249
2652
4615
9939
1307
6787
6834
9494
9064
1681
3204
8433
7308
1451
8207
2686
6295
8758
2597
5108
9246
5419
4708
480
4601
2089
3992
6785
9578
9678
9574
2299
4286
2174
4180
7328
4093
9837
7740
3308
691
8287
8200
8904
3293
3307
3383
4417
3214
9936
2154
7605
8985
5106
2316
7169
9215
5747
3970
4771
5039
9494
4794
9902
3879
7071
7909
9998
5786
6447
7459
9835
3152
6265
3511
2780
6331
3617
9992
2690
4485
7379
7767
1696
6936
4823
7402
6250
5531
540
8659
4383
5923
5177
48
1929
58
4197
2157
5727
1206
8457
3477
3173
4613
4013
4758
9909
5110
2537
4862
9902
2648
3832
3216
5398
803
6318
3914
167
2456
5124
4310
8164
3911
3193
4348
223
1487
1872
9598
9102
7238
9507
3466
1114
1602
8414
5862
2645
6092
642
3542
2259
3875
882
8401
6388
893
1538
1481
380
8565
2267
3085
5506
5304
7984
9494
715
8186
1855
2744
8962
1792
7018
33
7644
177
972
3644
177
2515
7644
7366
8199
2723
7191
7340
2685
6004
6420
1862
6455
555
5145
9409
9418
4489
4491
3925
3744
7271
8032
5562
5433
7064
2420
5215
3108
3476
1125
6879
8343
4520
1753
4778
9211
9462
8053
3842
82
4825
1507
2144
855
970
9607
2498
7748
9256
7563
1410
1349
4961
8155
177
4740
9294
9095
5197
6677
6228
2154
6792
3979
9313
1135
360
3428
6326
5275
840
8586
4256
5555
2251
4369
5980
8428
2764
9434
2347
7989
8761
5544
1135
1745
1660
7505
4141
2328
795
8470
1945
3861
8328
7331
3657
4343
7220
723
1730
7751
9206
7571
3091
1624
399
9826
1641
3274
128
4137
5517
1282
8257
8266
6038
404
7380
6002
2573
6698
7756
4701
4487
1875
7455
9922
9347
2355
3332
5098
1121
3689
3424
7194
8843
1541
8156
7192
2260
408
8215
3235
8629
2267
2713
8953
7129
1869
3406
2188
3597
5821
1931
6341
4062
2038
2734
292
3200
3037
1985
893
4479
6262
1557
6832
5592
7300
9160
2486
7990
7461
7101
5050
4194
1636
8634
8921
5541
7016
91
4112
3481
5068
8874
8863
3405
9983
1408
6538
2596
2847
7215
6472
7388
4191
6900
6685
1948
6494
9061
4714
1101
290
3635
7619
2453
8398
5164
1192
3364
9276
4283
4878
3282
438
5837
398
1923
8609
7048
1430
1374
483
5080
2032
7429
5373
1417
4157
6164
9394
175
9658
2372
1190
5123
5769
9600
3563
5882
5667
3823
8748
5283
8583
5141
8231
8879
2293
3961
6516
1744
7887
8906
3333
6640
8603
1065
7973
5725
527
7248
2233
4180
3639
558
3481
364
1288
6267
7742
2199
4421
8987
3443
8142
8617
4904
7824
8072
5804
7998
8970
4681
3115
5450
5719
5486
9009
7273
839
5324
7922
3502
525
1367
8444
2109
5094
2758
4734
7281
8226
6072
5494
7454
6433
3995
5562
4523
1185
4871
8844
5906
7296
6834
688
5613
4649
1149
8411
4645
8049
5729
8838
4346
6919
2147
5742
6404
7474
3768
1187
8951
6895
5321
4381
8067
6306
4182
9891
8922
2746
9119
651
461
8218
2223
5517
5487
1425
7488
2159
7268
9236
6636
6584
9924
5252
4037
8158
5035
3008
3694
9066
1844
3600
3960
1591
9213
4357
3320
3596
7167
1850
9025
8114
4846
1991
1850
8799
2910
6615
5685
5247
9564
7498
5233
9741
7182
9185
4369
3710
2182
8653
2858
3693
5510
6386
744
5741
4158
6321
1357
8564
7506
7313
1251
4455
4353
141
869
4964
4301
8281
2925
8061
3016
297
4013
5228
676
8870
1650
62
4077
6514
329
9823
6251
4033
2315
6993
3742
1316
5271
7013
7318
7156
4389
7566
1568
6721
4170
5247
8779
9743
7325
8614
7930
9390
7897
2065
4765
2443
9315
9778
1295
3703
1060
9709
5583
7928
4498
707
5215
3300
8437
3687
9956
6166
2484
7420
1037
6095
4815
8518
6202
9212
6945
6849
4843
7158
2461
3272
887
6586
9854
954
2413
4541
4478
4574
4644
9364
1325
597
5693
7526
446
25
9816
4041
3324
7216
7394
792
797
1143
708
447
9250
5537
75
9312
4620
4187
6718
4334
7014
4379
9399
5308
8639
1441
4649
1648
1083
6436
9319
8352
2494
1736
5471
3737
4977
1707
2254
4930
9724
9168
3900
1835
5019
5992
3842
1815
5165
7870
2862
4751
8572
1028
6285
1800
6746
5718
9592
579
5427
4300
5538
4109
6354
9240
7133
1776
9116
1749
3410
9582
6303
3065
8990
5513
2845
8925
7440
761
2261
5351
3287
1344
9757
2013
493
2188
9815
3060
2881
661
7181
7654
4060
6948
7468
9646
669
2668
4741
1187
9507
7500
5171
3100
2237
5864
1593
3982
668
8535
2195
4721
6915
3162
6748
1469
5029
3490
4702
4648
2663
4995
4250
2207
1324
3896
2606
1
2047
5092
8703
8582
6907
5732
9787
4023
3198
5628
9105
4742
5611
9410
8151
3527
3865
9196
7752
2441
5196
6454
1857
463
3862
4528
2622
2368
5878
1122
8888
2269
2152
6816
1174
8657
8874
4735
3499
4242
4538
1708
231
2239
896
892
3878
3285
1403
2689
3998
7023
6596
7834
6802
688
6618
6584
4686
8244
6321
7613
8871
1736
9172
4851
7678
239
7117
7122
3648
9264
1767
5035
5775
9599
8940
866
4140
1661
8195
8673
2900
3156
8039
5087
8690
7064
2288
5278
8033
6903
2991
6254
1996
87
9908
3807
8379
1250
1612
4003
4165
6085
292
4827
3979
4959
9397
9400
9460
1006
6300
8186
2415
8709
6208
859
6209
6419
6784
3633
4104
2977
8360
4024
8068
8300
154
1969
9259
4319
6194
3759
6615
5559
2993
146
556
1601
4938
2360
4276
9885
1752
2769
1833
2415
445
5725
7512
4725
8233
8144
405
3741
7132
6626
2625
8183
1802
6904
8821
6681
770
1878
8518
6879
4859
7815
253
2122
7183
7652
5443
9591
1445
7264
6183
4607
6904
7313
3606
96
4131
8209
5979
1190
7962
133
4615
5560
9149
5671
6396
9273
1529
9135
1919
2702
8767
466
1297
3836
9004
1800
7100
8094
2658
6462
9668
2213
5804
9682
4110
314
8676
6117
9674
5667
9873
9400
3980
9261
4784
1311
7273
2818
4790
3459
6171
3884
2142
3417
6789
791
2295
6955
4133
4521
7660
6264
6324
4123
2144
9897
9913
7528
4529
1678
986
4683
1048
1720
8533
5641
7666
356
9140
9768
2401
6802
3688
5583
7697
217
4126
7649
7155
4038
7461
2130
7177
4873
7867
487
9300
3239
1338
9780
4448
7233
2386
5010
3241
3915
5359
2953
5739
8429
5010
1591
3159
1501
534
5066
8618
392
3721
8155
962
7516
2405
308
5602
9782
8395
1354
4159
5766
467
4929
6874
6418
7578
2650
6071
3177
5857
2035
7565
8175
1618
7683
3022
6275
2837
437
2967
953
7269
8522
9757
2735
7195
4559
1713
3687
2068
4321
2444
6283
5028
4089
2479
9653
7709
5909
1471
6971
4317
668
8470
6058
1583
5427
3572
938
4885
487
877
6893
2744
3267
7929
3165
6286
5753
9794
1744
3982
3422
8000
3321
7640
5810
5036
9510
8447
8010
5036
793
6281
6935
3641
2460
5044
3098
2733
4983
8228
8345
6924
9963
5638
7924
359
5437
5302
9709
5867
7233
6436
3080
206
5273
8207
9085
8686
1847
9954
1908
9857
3640
2250
6484
8818
7558
1702
9589
7548
7656
7133
7640
8624
1863
5825
3471
7513
3969
739
3769
2611
2982
9777
2596
6478
8428
2660
3288
8622
7194
1735
6239
2383
4144
2851
4806
5047
1163
5136
8953
8221
1821
4256
8610
105
6651
7039
4923
3137
6543
7077
3049
6859
700
8362
5071
105
8753
8107
2312
7713
1304
9592
6541
591
8162
9815
1596
1559
9790
3671
2333
680
4722
1229
2108
9428
4705
2974
9273
2266
9418
7468
2576
6671
7174
9678
2426
2002
8315
8632
8741
307
8769
9839
3421
6280
2995
7021
6550
5537
5999
1898
3105
9066
6033
2251
3721
5888
6538
8990
9433
1435
6615
5824
8334
5254
675
4109
2890
432
8048
1292
1119
1790
7436
9555
5930
3354
2335
4158
2393
3253
3184
794
417
3406
9722
9116
9947
6565
7393
9191
3751
497
6857
6886
7891
1787
5645
6538
294
79
9050
2546
6017
5431
8483
5139
6760
1899
3816
6276
7881
5030
7371
1859
6033
4530
9509
9609
1054
6385
3804
1125
364
217
5193
7234
4134
522
9230
183
1336
4792
8546
2034
9212
5791
4326
4474
7315
1333
7148
3631
2123
9186
4351
5878
2604
820
6776
3133
9904
7918
3105
9679
4879
424
4540
10
1726
6786
6184
9998
7750
8455
7973
532
4258
6380
5309
7807
1257
4311
9259
9399
8178
1527
909
6600
7257
5680
6546
3764
4377
4586
2738
2948
3023
7741
4635
9398
2722
8425
9522
4056
753
8708
2467
7459
5437
344
5106
9589
9644
57
5149
4374
3852
148
7239
4070
9223
3176
9843
8054
630
236
3652
6893
7905
8518
5670
3194
7580
195
1500
3878
426
8448
6577
1600
3263
7161
1680
8604
7460
1309
8683
5883
3299
8311
6258
9849
8465
4794
6248
1903
464
3658
1534
6280
2524
7458
4217
5299
8506
6844
9992
9808
3535
2014
4828
7910
1333
99
6449
4084
6346
9567
5696
9389
362
7099
4760
4773
6776
4180
1100
7410
3437
8834
4096
2563
4560
8172
1
3363
834
2124
3180
9979
9533
1561
612
5070
4729
2059
1518
5152
5882
3984
2705
556
404
1857
4377
5676
7910
240
1134
2673
3943
6490
4582
4580
4883
7281
5824
8996
2123
6830
1902
6247
3722
9127
4434
7019
6508
496
3080
4590
5565
527
6974
1761
7764
6304
5211
4392
8812
2616
4883
4213
3508
2506
2063
4188
6332
7435
5082
3666
9405
1999
6604
2611
1675
5862
1798
5617
3475
7523
6266
4652
8252
5292
2639
6461
1756
5856
4622
4974
9112
589
341
4630
7052
6549
9503
1914
1092
441
3359
8081
9462
1111
2561
9546
2188
6164
4805
5525
1721
4373
5905
330
8545
3128
2678
7040
7260
8032
9921
3286
2332
2403
5233
5922
9080
3921
8866
5993
5428
6011
1677
4182
3239
8333
4974
8741
755
3449
9511
5875
7346
3798
6817
4025
8005
1504
6388
5253
4572
4268
734
8672
2409
5257
2309
8182
7184
9245
3558
8113
768
787
7699
3169
5790
2958
7550
1187
2500
4671
1829
1690
2021
448
2875
3709
4456
9599
340
3986
5531
7583
2980
753
1557
2188
335
5567
9925
9128
1893
6206
7442
7841
8835
3375
9462
5232
5325
9426
1925
3420
718
1043
921
5078
6169
8874
5486
9966
4115
3336
2937
4952
9562
4975
2850
682
6068
8280
5001
6521
1975
9108
7002
6740
7480
5735
6931
3450
9326
815
5657
5745
6745
7425
8188
5668
738
7682
306
392
1507
7961
1930
57
5634
1869
2829
5298
6248
5461
7212
2160
7076
2193
2825
2405
2603
279
6778
1799
7072
7979
2761
1403
7828
5469
6364
9332
109
896
6228
275
7019
5213
5514
154
3620
3075
212
7555
4190
2141
9098
85
4681
2877
3837
6148
5543
4726
2316
3581
707
245
5345
8897
3297
5303
4970
4877
422
9055
7394
6604
2185
6035
1637
9007
7138
4775
9992
4973
467
3427
6761
5799
9643
9726
9699
4825
8508
8783
7301
9969
3433
5740
6029
1219
8780
1709
9653
1910
8691
5818
9396
173
1099
8440
8810
6344
3722
6631
6402
557
2338
9881
7123
1098
8371
9373
1688
1613
603
8339
1193
687
3226
1599
9980
628
2466
6746
9684
4158
496
2913
5517
2041
7021
9855
8394
9904
6369
1642
2550
4473
5618
7671
3581
8999
9310
4823
5355
1250
8896
1803
7191
2035
1376
9663
8654
2475
8181
9159
8262
154
4988
7115
6390
4501
9818
4268
3615
4431
9594
8577
177
3949
5479
257
4170
7383
8481
9968
3290
8776
1906
6649
7620
6438
7799
571
7624
3489
4495
8
517
9520
9254
3307
9243
4784
7857
1144
7561
4843
7429
8211
7036
41
9005
4936
7312
7692
8970
9433
328
8206
1703
4821
4747
6818
1501
7348
2137
8348
6554
1695
1734
5221
94
4338
3392
4247
8202
1126
5268
9808
5348
5247
6101
5543
9221
1067
3351
1768
3245
4230
726
5115
1696
3526
6223
4176
1362
3669
3733
1050
6114
2810
4058
3741
6186
1409
8025
6059
7173
9026
338
8587
1220
5499
7728
3048
7884
5656
3983
673
3937
7816
9272
3405
909
6927
8786
130
7777
8195
3634
655
8536
701
9719
6280
2838
9391
2124
650
7635
5243
7621
4334
6823
120
1927
9864
6618
5742
7753
526
7752
656
277
8403
5620
3705
7996
1750
3306
8957
8202
7249
2895
7131
1606
8229
3642
6100
7760
7706
1936
4580
1424
9956
3742
4755
9639
3475
9023
5054
6477
105
1817
6152
6459
7959
5261
9727
5489
1340
6571
224
2760
1342
3215
6301
8245
4533
7133
7864
6768
1414
8080
5109
4535
8539
9803
2025
7240
7198
7036
7812
9665
9128
4839
8970
282
1989
1477
3371
6612
9188
7712
3144
526
1163
9331
3969
6472
1951
1199
3562
2998
4892
6645
1216
44
6296
1963
5777
9032
6958
8710
2226
793
4282
1572
3208
4426
2046
8731
4753
4530
2070
6141
6860
4999
6554
9078
280
3984
831
2769
4770
4759
8154
6788
8892
1037
4499
7893
650
9773
1614
6137
2042
3984
7654
8058
6927
1455
7013
1161
3778
7485
3971
8248
9837
2688
5500
9802
759
4146
2127
8975
812
2893
58
3503
8376
508
7500
5928
8801
3114
5016
2886
1150
3891
9722
3226
2972
3746
3663
6257
870
504
6834
6407
6170
4866
9591
6150
2556
9219
305
7145
2517
2306
4504
2576
1334
4749
4157
2885
8744
4011
2218
9703
8509
2825
9592
7967
6347
2073
6680
4402
7645
757
115
9927
5578
4969
8197
452
1751
8896
5031
1970
1045
8534
5748
620
8176
117
8865
8270
1449
1974
1025
5672
7580
3998
4651
7490
8262
3043
67
2222
1810
3789
7680
1107
15
2405
6164
4129
2923
9396
6491
7245
9886
2740
681
1527
9573
4538
2882
1325
8963
6621
9789
2010
9687
7566
5276
965
6972
8646
3497
6517
8566
6797
3655
9669
9558
2264
3423
6445
3754
8395
9967
496
8553
182
1748
9096
9557
1794
8465
3731
2270
1790
9291
4089
4086
2336
7601
6470
5590
4296
3403
8583
7099
4526
4766
6216
2207
759
9444
5141
5956
6151
4841
8390
6786
6738
63
3169
3219
1771
9812
5568
4011
6860
3716
2009
7878
3870
5689
1932
1135
7017
1325
9912
5509
8160
1385
9971
3426
1894
797
8386
3468
2940
2534
3051
406
9570
7150
3723
8950
113
9578
4737
3978
1268
1551
4353
6674
7671
7474
3554
1211
1421
9373
8330
6048
5432
8332
9861
5405
9489
4487
3187
1185
1478
75
799
5556
7791
6925
1759
879
8500
5460
4295
7513
4023
9770
5379
3620
7292
4304
2656
6496
9142
5695
5739
54
1940
6961
8163
9202
6410
545
7672
7983
9285
1413
815
5407
2659
5305
3655
5584
6071
8890
1499
3874
1579
2610
8896
8256
883
401
385
4037
7678
5743
4707
5118
4408
1725
4465
5368
5121
2991
1329
5948
6395
2624
3300
5759
4729
9865
7283
8705
993
6492
1899
917
6820
4026
3760
6937
4148
3191
9464
6218
9299
8742
8579
9627
9469
74
6333
6815
7554
8142
3730
8912
7696
5063
4598
5552
444
6546
6784
1942
3758
7173
671
4251
5530
4788
6831
8207
7977
5832
8912
1719
7846
1739
2555
5545
9814
8069
7104
1623
8469
884
5807
7926
1739
5998
4455
4591
4701
2665
3014
2963
1564
1034
7146
8591
39
1289
7799
1731
2906
1620
1929
8076
6117
619
4009
6635
5487
5233
8354
148
5876
6107
6826
5938
8064
7397
4141
3030
6523
1105
5982
6568
7318
9273
2482
8149
6434
5762
154
8503
6667
9609
2864
6872
219
5804
9833
5556
3458
9592
5774
9153
3872
9047
5696
5052
3836
8965
350
524
3243
8848
3793
8024
823
3506
2261
2676
4533
1999
2428
9360
6228
8213
287
5135
7476
1563
860
8971
7007
1110
6328
9818
8424
2428
2096
2385
2271
8230
1274
6379
8956
3034
4657
8980
9727
8129
8423
1535
6192
2038
7926
7880
4063
5064
5046
279
8473
5358
762
2561
8024
7234
6524
2131
7521
6467
5571
2781
7125
9556
1308
6668
3134
482
1813
7203
9914
3304
3246
8955
570
7502
1955
5497
5426
5479
7079
7019
658
7538
6467
1686
8305
5992
2936
5535
2133
1291
2212
8109
9823
7252
4738
8597
95
7005
5829
8428
4798
3350
7561
3227
1014
2457
4119
7456
9972
484
7330
8565
9552
7274
9065
4789
8964
1409
6877
8314
8688
7875
8457
3286
7931
662
6242
5200
2254
9645
4925
4956
1921
242
1090
1764
7789
3346
4698
7129
5293
6209
300
3395
459
6474
9466
2666
2618
939
4834
4560
5825
6957
8024
1322
4922
2773
9642
8211
9391
560
5391
766
3955
573
6847
3863
8162
8811
6578
2783
7555
6885
2242
24
9936
5959
7597
7145
5515
2815
4795
2461
9936
949
257
4928
8406
8553
9331
1391
2752
2238
7646
7459
8210
5126
5828
4829
7951
39
5534
2067
5373
6210
9136
8644
5869
3169
7801
9881
940
7581
6351
1410
7169
5382
1428
2038
4886
5752
1550
7647
3195
347
9766
1658
417
3474
8663
1471
9804
6366
7367
5364
1909
7456
4199
3739
5883
1360
2041
8035
6601
4925
8761
7427
1408
8841
800
9316
2627
9922
5225
9141
9329
7293
7140
5757
1516
8991
1559
578
1411
5895
4365
2075
2845
4858
4071
7788
2648
466
8666
71
3884
1481
3257
7298
9078
5176
7075
8431
6948
1883
8909
5394
9095
5721
558
2004
5153
4584
9688
1343
446
1037
962
2625
9875
3346
1966
6075
8271
7919
6259
1480
1594
5606
3389
613
1930
5467
6833
8310
5732
281
8822
6510
2655
8675
5512
5834
7748
1199
5591
3408
4223
4588
8682
627
5220
1794
3089
5417
7440
7239
8193
8902
5946
7424
1253
3505
5536
1415
6553
8211
1294
5939
7975
8141
2137
8436
2310
4668
7946
3090
756
6501
3514
9972
2137
7795
2503
9181
9169
1228
6239
4844
448
5326
9597
4451
9820
3993
2360
5332
3107
4212
745
5929
3635
951
5650
7608
9921
6973
8106
8787
7852
1395
3740
5977
1135
7050
3807
8557
3115
3561
8782
2576
6966
1997
8751
7009
848
9838
1818
466
9970
8119
4005
993
4297
1119
4028
8401
1157
3843
6642
8130
9720
3497
1571
1718
9852
7977
211
1020
3189
3426
3609
3262
9437
2912
4066
8691
5819
3325
9347
4932
5844
5150
6069
5459
8989
6101
7493
504
6734
8713
2780
7491
7868
5804
1320
2237
21
8808
9556
2804
9531
5072
763
8519
4920
4087
7751
5766
3935
7773
3647
943
5602
2135
7808
9039
3862
9334
2590
5938
7649
6365
8800
4698
9954
7625
6156
8557
420
9036
8801
6086
4805
3993
4475
7356
440
1514
1453
7229
2571
9703
721
7486
9285
7790
492
8333
2070
240
5760
445
5175
3589
739
5965
7762
4547
5059
5628
1415
1719
841
1799
9480
7200
8436
3490
2051
4631
3443
387
449
3159
5753
7528
5609
5806
9568
5709
8428
5413
6073
8467
9578
5040
4248
9578
1834
5958
5269
2879
7108
9554
2231
6875
2907
7738
8165
9031
9064
7630
7672
3452
8463
5202
4998
663
7903
229
8249
2724
8519
7759
8271
845
373
795
3111
1474
5849
8703
6285
8860
9995
580
3951
6195
3461
2850
2011
8105
6473
3778
9029
7587
3099
6548
1813
4031
9207
3215
1775
974
977
1700
1261
1256
8705
3136
9438
2707
1759
1349
9540
1321
2688
5129
4237
6723
6163
2552
5822
1819
4928
3886
5338
6210
3696
4398
4531
50
8831
3403
8654
7165
2598
5621
5674
5877
7371
3249
9538
9573
4209
1386
9308
3221
3408
9719
167
6547
3668
7472
1957
4761
8734
8601
6555
6822
3045
2932
1158
3850
8223
2416
6504
7011
1852
4921
674
8493
8630
5562
5293
3322
104
8115
5178
441
1498
4661
5595
1264
5646
841
6985
4876
5915
2571
2425
187
2603
4155
638
3024
3857
7712
5460
880
8030
4914
5211
8652
8242
1436
6144
2250
4833
7806
1968
8408
3777
4185
6581
5623
3258
9441
6442
9636
3915
6602
2595
8203
103
9772
3775
1313
8450
7879
3328
2731
5173
696
8987
2009
2233
8710
4498
6316
2344
5809
703
1216
1757
853
9313
7242
2742
76
7437
4640
2622
8844
7460
2715
922
9094
1755
4580
7693
5920
4070
9451
2220
2987
5762
3987
5903
279
8546
7815
2482
9849
3824
7126
8268
4037
7165
3878
5678
2298
8878
9239
6985
4388
1407
2304
900
1270
1226
2540
4920
404
894
2707
913
3027
3354
2337
7528
7852
9024
3936
3771
7785
5042
190
1418
8617
1383
3439
4801
6151
1898
2715
3886
2665
97
2223
7779
2303
9778
7200
2657
1773
3846
5408
3026
9602
6795
9614
5321
8942
7486
6253
2491
3150
1367
1989
1677
5221
8649
4663
7377
8515
4587
6073
7914
8819
2328
1007
7502
1751
5067
3565
5538
4277
3998
2071
8284
9555
938
7334
9952
9690
4843
3374
5558
4022
9506
7105
7918
9663
9202
4242
8118
3116
3500
3892
5736
3465
9292
9446
768
2272
9230
9541
5746
2945
359
1698
6960
3256
4800
6541
8052
3959
4094
7151
6116
7917
7406
3755
2727
937
2191
630
2422
6866
6023
128
95
4188
9245
7709
1098
5284
8893
3680
133
9252
4554
5975
6328
5737
2441
162
4749
4629
6094
1536
4488
6019
8992
1884
7189
2637
1913
728
9307
4591
9049
2400
3346
6968
4125
1512
619
4714
9547
5471
8202
2657
557
7750
4749
6426
6227
1299
3175
136
8250
6354
6359
6882
7675
1535
8408
7163
6647
9036
5663
9068
9714
9727
7530
912
8287
4396
2620
3293
6893
1525
2838
3517
4942
8890
8152
3270
2866
185
2327
8544
9591
5594
906
7460
8392
2768
7893
6602
9160
4248
2353
8411
1545
4941
7428
5589
4740
9885
3854
2376
2361
6515
7839
8455
4276
9295
9956
3581
8848
906
918
2643
9172
8330
5706
1867
6916
3245
4518
6374
9162
440
2259
2123
6557
5460
5491
1519
4804
9980
4031
5460
1886
4126
3059
4846
6572
670
2050
3073
4189
592
1159
866
8122
2525
5399
740
413
4084
3479
6840
5217
9290
2007
1320
1014
6433
8258
6974
5869
2179
7958
9323
70
275
6962
729
1193
5645
5720
5499
4094
7110
3135
5707
3662
5581
9313
7396
2050
6837
7489
4312
4441
7626
3369
6446
4602
3960
7067
886
1872
4828
8524
2697
7621
4348
1432
3801
3310
2197
4556
3857
4687
900
379
3089
3342
5122
1849
680
6727
4166
5076
7082
4569
8930
6626
1815
7431
6208
1086
6917
870
8223
3831
2112
8089
8577
4114
1496
3276
71
7142
3498
8592
3865
8943
4612
8390
8181
2010
870
1803
771
4818
3992
9318
543
5350
7975
9543
7242
8086
1773
3467
9658
2500
7420
4826
2994
5969
1612
601
1232
960
5465
9056
9638
7283
4022
8907
8534
7055
9040
6570
4964
4631
86
7780
7818
3468
6109
1201
5422
7259
8192
3628
950
1851
3129
2727
8592
9537
492
3622
1562
9953
7866
982
6279
7386
7530
4360
1771
1531
1381
5456
7805
3888
481
5110
9384
4404
8931
8227
4967
6826
8098
4833
8942
8178
7189
4311
453
8550
392
9152
4367
7037
212
6675
4185
63
157
7568
4271
9314
273
9585
5765
3343
4576
6550
1421
1455
5042
8674
3754
1267
8166
8593
383
4063
6091
8730
559
8150
1610
8352
6640
2938
6241
1827
2824
7828
6449
7071
7515
4306
7578
6308
6220
4620
9244
8923
3329
1404
904
3849
3903
3185
3050
362
3175
1770
5176
493
3673
2191
2018
6302
2339
2160
4665
8193
7470
3707
4284
4979
4125
5186
9875
8442
2131
796
621
3759
4294
8540
2901
1247
8744
6579
4631
583
2330
8526
5403
3219
7257
6764
3596
3224
6953
6573
9795
7995
6287
8780
1803
6993
177
2207
7248
111
8352
3952
5708
1980
5848
5269
2027
6106
6796
9504
3633
9858
3209
8793
9706
1636
8258
8068
5609
590
6458
5011
9808
9867
291
4872
6001
3398
4866
6353
3846
683
7742
3991
1873
5883
4045
4773
3797
1333
273
8576
5178
3541
8763
4556
8240
1159
3244
4579
5413
6271
5897
7720
9707
9906
7099
2260
3540
5855
6186
1586
2493
1868
4989
1289
5778
1674
5404
7902
3248
8786
2902
8261
7176
4184
7772
6042
7620
9681
3322
4399
2019
8141
3324
1373
8576
3377
1611
8545
7996
6870
5584
130
5736
1582
5810
5875
5695
3366
8912
6095
186
777
3682
1727
8627
7861
2360
838
823
2537
2821
8402
3237
8158
839
6337
555
568
8274
1641
6694
9428
1166
2823
6332
1023
2862
2763
1300
4305
4885
2528
2967
5617
7247
4655
1935
8808
2552
6942
8965
953
2867
3739
3994
5266
2766
1506
9666
9117
9034
3717
2736
4591
6094
6880
2689
8775
3035
1081
5377
2533
9545
9836
7321
4233
2388
7158
2466
9894
5738
471
9547
1341
3069
9283
8489
2704
3193
996
6716
7649
5083
310
2453
8641
1052
701
7162
4213
4000
850
4182
1098
381
6623
7324
9213
1803
2154
9394
4806
3922
1103
6979
5560
945
7746
6012
8861
3234
9899
764
8733
9207
6619
3385
5842
5640
5240
9609
5109
3383
3545
3029
6083
199
4707
3117
8534
2707
5593
6266
9419
7267
9305
9568
3182
6139
4912
4101
1429
7374
3817
5344
1752
9179
2289
8322
8342
5715
5368
9808
4103
2093
3635
9045
1539
1554
8946
2453
183
9740
5736
8291
2982
9274
7896
3240
696
7998
6436
3403
9644
6358
8904
3821
850
5199
7063
6770
418
2951
2650
7452
6279
860
6795
1962
3008
9222
8501
5322
5797
9492
6171
3236
6228
8595
8835
7496
86
8220
4270
6754
9970
5720
8082
4398
5199
3384
7740
2191
8758
9424
7814
7423
2514
8702
8071
9601
2857
9588
3834
6248
1003
9782
1998
9406
9714
1854
6684
4081
2701
7312
8957
4417
7332
3455
7224
203
6830
8964
6027
8286
2679
2848
1124
2452
68
3828
2620
1665
194
4748
9278
1133
5000
3378
9436
6216
1133
4727
178
2623
8671
1300
2205
3834
9327
2401
2628
9279
7054
9653
4969
2736
5505
4372
959
8012
1869
1907
5211
401
5539
1586
6864
9671
7528
7921
9461
4315
1017
2580
8645
8287
8437
1210
5475
661
28
3611
2948
3355
9753
5587
5724
9219
5961
5197
8463
5481
3797
321
4625
9558
8181
3242
6716
8573
5594
4847
4727
4789
1340
6188
7345
4798
832
2950
6598
8773
2760
9756
5170
9101
4033
6857
2598
2050
9824
9207
106
1526
3059
2730
8018
1820
7306
4657
1071
6213
3862
7925
6969
8703
6079
2384
2016
2539
1887
7660
2672
1967
9327
267
3858
1986
6473
545
9593
7968
6335
9422
3558
502
9034
5104
44
5396
2008
5835
8365
6941
3608
1026
1386
45
3488
8962
1136
3371
1865
8206
9915
7370
7971
3293
9838
4834
907
4550
7010
6492
7210
5695
9858
7486
1049
9215
6676
4087
8082
7273
1793
627
246
7642
3594
5305
6663
5401
8901
9651
3147
3071
9510
2288
2340
1191
8900
830
9065
8196
5669
1055
6062
7611
4334
9900
3284
4529
7012
77
8287
9770
5600
6374
2782
2506
3655
5416
3639
9840
9849
1885
5685
1862
2796
1484
7917
1675
5367
9669
9057
6003
2640
6290
7187
6761
1288
2703
312
8156
7860
2901
6618
9101
3226
1103
6402
5762
4625
3847
3747
279
8308
6957
4340
8227
9808
2296
7873
2319
7693
8787
6363
8111
1624
7167
6374
3525
1786
5106
9360
6976
4309
540
122
1282
9587
5204
769
8226
3323
226
3411
6800
5209
3614
6689
2120
5744
9218
5758
5562
4761
6748
2620
7144
832
8956
5814
6784
681
9288
3734
2971
7494
9393
3851
109
9812
8570
8139
3804
1845
6403
4835
8657
5466
2393
6532
3404
705
1251
3026
2910
1461
4367
8429
4279
4266
3624
8714
8733
1381
9839
5235
4673
4156
1715
3423
9067
4638
1677
5385
8400
572
9518
275
8677
5650
3611
7465
879
2673
5352
7307
650
9972
7117
4216
5415
1628
7141
7953
6236
1087
7936
4870
8723
864
1900
1501
1754
6307
9058
4895
2109
8946
7860
6177
6116
7678
6369
4951
4954
1504
7229
1138
7549
488
7369
2836
9457
3614
901
4082
3115
318
4405
4000
1771
5533
5868
1158
4625
157
2842
2222
2308
1201
8798
7231
8684
7432
9160
3173
9580
942
3714
8792
7998
1260
3212
393
6855
9544
1368
7605
6665
6190
8446
2059
3510
7086
7901
4903
2417
8535
5509
533
5610
9853
241
3114
8237
643
6854
386
8533
8854
9189
9285
2125
9940
3932
7775
6585
6932
2740
8727
7859
6673
4448
7417
7327
5446
4230
8385
7077
5124
4752
7666
8232
589
6350
4725
5695
5119
1041
5476
1290
2308
1964
5072
5083
7439
8472
3624
8097
1566
5543
2604
4822
7328
710
1141
7197
638
5737
1641
1966
3608
9435
9926
5302
2252
1617
9304
2757
8028
4505
9441
4048
3764
1121
2570
9099
2426
5962
6803
8374
9597
9312
4114
9339
3116
3696
1173
2325
3729
9515
6408
9590
5301
1280
8325
8326
1799
6022
5420
4518
3072
6457
488
2413
7898
151
7422
8050
9603
5269
6612
9552
627
788
1485
7737
7409
6383
3176
797
1064
5406
3939
2859
5714
8022
5467
9381
8779
7517
6377
7985
9749
7134
3716
3629
950
8666
4249
7561
8148
749
1198
6837
9253
416
6126
7547
1516
4363
8117
9677
545
8800
6299
2975
4151
4353
5504
500
4614
9267
9854
9016
962
179
9108
1160
5761
6161
5344
6607
7127
6706
5861
2351
1040
3654
3786
4029
8650
6244
9542
1640
2180
4432
8985
496
5489
3193
2325
2401
407
5259
3076
8054
8868
8086
4325
9229
2980
4442
1270
4876
1738
1111
9828
382
7859
3794
5378
5578
1673
7712
3024
3973
2046
3592
1512
7516
9340
8411
6034
7729
5513
9356
8309
8278
3459
400
7179
3373
6252
8359
578
9439
6883
811
1586
4773
5091
5284
2402
2868
2480
3416
6173
401
5271
9331
8490
3092
8581
6492
7038
661
3936
9592
203
6763
7071
5199
7781
5853
2154
8271
8294
386
6399
2848
8942
5357
9258
3446
8213
4235
5026
3423
5778
8187
5166
1524
913
8828
7837
7202
1343
810
4820
2181
3135
4968
4807
3994
3318
2925
1751
1743
4286
2005
6801
500
9605
3158
2391
1521
4793
2807
8977
3575
1283
2218
6836
9173
6913
2622
7028
8238
3702
8894
3405
2307
4942
3347
6292
8251
2111
9428
1147
6166
2811
177
1036
9037
361
7908
5075
8679
6992
9486
569
2832
7550
6176
4617
9023
5457
3693
9120
3411
563
4986
3983
3987
4793
4316
6895
2682
2788
3903
3922
238
8574
9419
5261
9146
1092
8875
7724
6462
4682
2714
5856
8675
3948
5560
7510
1279
968
3994
3809
8013
6283
8600
4576
5548
7733
4134
7646
4815
4889
7476
9437
3737
2597
9624
9467
8285
668
9256
1144
1702
9908
6308
8569
419
2131
5370
8969
6911
122
4570
1353
2878
9591
8620
8203
3429
3323
5501
1932
1550
3251
4673
5808
4036
1383
1016
5422
6193
3868
4457
3900
9345
1936
725
2910
6117
9308
5210
1365
8494
5080
5592
7539
9454
5364
8130
8940
4275
3880
5604
4796
1047
7714
6593
1499
8076
3957
6991
5253
5672
6888
8747
2155
2613
9966
4958
9636
3559
8385
8990
2129
6318
3216
2088
978
6684
1514
3097
5315
5355
5450
6742
1094
6802
8710
7694
241
4917
5257
5135
8143
8486
5555
794
8460
7394
6867
317
416
9149
63
9675
4643
7312
371
9150
2533
4933
6644
4549
7846
8720
5891
632
1102
5181
8003
4234
1649
2842
3684
4033
2647
4644
9889
6635
5840
6130
5790
4301
5500
6726
2781
2540
5568
5385
8570
2888
4308
9680
3274
2248
2178
7239
5207
2047
5099
8243
8372
9982
1950
2320
7241
7969
7153
1205
9768
3405
4477
549
1184
7978
3080
6873
3312
3284
9121
5414
8792
9963
7835
7353
8686
9400
1813
1796
2854
648
5689
6177
8232
566
4359
9164
8650
260
9239
4379
2220
2903
4872
1899
9836
1614
3508
8619
8711
1954
4802
8874
8169
3418
2794
4898
6106
4051
3669
4682
97
315
6832
2047
5114
3036
9967
9281
715
2847
2527
6938
3369
9034
7563
2611
9418
4264
8600
2907
983
3033
8975
5501
6478
1372
5315
9201
4620
6843
5862
3410
4613
8933
1690
1654
2524
7509
897
3692
6397
7800
1673
1863
8557
1763
2634
290
6090
469
3543
3551
3131
5172
3458
5954
2486
7441
997
8690
4274
5429
580
339
3186
3623
444
5193
9836
4357
1523
2973
9542
9725
3071
5308
1021
5129
5823
492
4834
2314
2492
5101
6053
1769
518
3442
376
7562
5156
6225
5447
7469
8092
8216
3204
9857
6122
663
2504
9098
4734
1817
1525
4897
2125
8812
3962
2255
6772
9207
7565
2149
5501
1439
84
4826
9674
2215
8008
700
1911
2841
8606
8876
2466
7370
7045
3935
5323
4946
8626
5433
8555
8311
9004
1234
3546
8971
6829
5314
9262
7119
1558
8048
5792
2910
2846
2
6213
2783
6260
6307
5860
8494
9514
5167
4887
2485
6568
2329
3139
3523
987
595
4666
6374
628
818
6572
260
5911
4144
3576
1393
3097
6318
5157
2640
1330
2564
427
2283
8706
4099
3053
8777
1925
7716
7217
5151
3841
8838
7061
8308
4833
8567
1305
5444
1626
8476
4760
6909
7213
991
1981
4416
6403
7896
7862
7831
1735
2399
3307
5664
3768
5043
5221
7219
5749
3049
1875
5813
7869
3567
223
3429
2999
8696
9174
7786
2987
8273
2677
3949
8344
8532
6099
3251
9189
1877
2486
1238
725
2400
1293
8413
8244
8127
4354
8195
629
3014
4662
7209
6947
7613
1529
2153
9568
7193
3362
4002
338
9245
3104
5872
1873
3173
3294
4185
5619
2980
4229
4584
6598
3654
9681
3326
5972
7726
6169
400
2183
4502
4424
7228
2418
3535
845
1195
6286
1637
1689
2965
6733
5540
6017
6091
2237
7832
2804
9438
7307
1941
3913
2137
2155
3685
6524
9226
1358
3252
9460
8307
122
9533
1066
1289
6393
8287
6834
6351
4768
5825
6243
6209
863
4107
2635
1901
3203
9188
9001
1943
3725
297
6319
9738
8033
9305
9064
895
1139
4847
8345
4526
8181
3105
1462
4488
620
9351
8087
2404
7268
8835
7838
8607
1166
1385
9487
6736
1759
1620
6046
3014
9405
77
4940
1325
8481
222
9678
9707
394
3904
7462
3770
6335
156
5183
9953
9702
3642
5381
195
7616
4247
4211
8959
110
8791
7387
8626
7622
9889
6030
6336
3881
7754
7680
649
8766
1396
760
6881
4292
2782
2342
2793
1092
7844
2370
2167
883
8220
2188
5404
9099
6734
402
7904
8283
4255
8608
2506
5255
7550
6471
3889
2901
1558
8552
2278
1250
2203
183
7779
3565
1318
2345
5808
1142
2674
5580
8242
719
7305
3292
9856
1528
7051
2239
1841
5321
3022
6620
1010
8001
8537
4484
8284
266
4372
6526
9896
4625
7859
501
9455
8853
9826
9876
854
7274
967
1349
4159
7485
3786
3648
4973
5406
3584
4814
1275
330
3196
3074
3232
4540
6539
609
5584
1797
3166
4601
2302
5648
2282
6126
5805
2370
6321
8331
2483
3254
6169
4233
3585
2524
8127
4921
8926
8635
8128
5258
7938
3704
9495
7410
1187
4589
1041
2237
5882
3017
1859
3712
7448
3744
1020
927
5152
6603
8675
7081
1302
5663
4207
1810
6552
3152
7090
8822
7603
5990
5306
7054
4372
4328
3920
925
4248
6844
4232
9021
7656
4570
9805
9872
4406
8927
1759
5748
1829
1782
1770
1935
5802
2240
8696
3786
1594
8690
8811
5810
9710
803
3342
3707
9130
8148
1242
2744
7584
9297
8279
1465
4219
830
6400
2561
9336
7094
3667
9962
8480
9152
8657
2812
8503
3076
5423
8212
9595
8758
6805
8861
8243
4158
3625
6983
8397
1489
7497
6348
4752
1041
2454
8561
9143
5476
2137
88
8793
5072
6496
5814
1713
9318
553
2971
425
8243
4238
7480
499
8006
8698
7434
9061
3301
6965
7804
3646
3805
3453
5411
4599
5124
3685
5940
4912
3082
1168
3582
7812
610
7902
6679
8153
2059
1374
2188
6749
800
9796
5245
6854
3377
536
4938
7494
6525
6244
1533
6643
3653
1427
3511
4800
5576
6126
7997
3843
5698
8870
6869
2830
6270
5064
2817
2684
2542
200
9920
9390
2796
5244
2443
301
1387
4698
5720
9059
7695
7582
1567
3158
2993
1609
1718
7766
7944
2327
880
2462
4064
9164
4316
6145
5525
8890
9870
5753
6934
5747
5026
2416
6974
1966
2649
1795
4188
8832
9513
996
4196
3294
9893
8758
764
2125
8700
5522
9531
6322
4040
3330
7919
6037
4817
9436
2662
7728
7601
4628
8815
2709
1857
4759
5636
6744
4910
399
7240
5964
2136
3803
7182
6057
5694
4796
7613
7548
1641
9401
5515
3347
6731
9610
4521
4771
6943
8139
836
4107
3788
3504
4666
1318
2706
4479
6148
2299
2272
1190
6651
1790
7046
6884
8681
5647
6453
2891
7892
7423
1497
176
6308
5089
2721
9683
332
7335
9802
5081
1690
8405
7780
7770
4299
5975
9123
7231
6595
4856
9050
5955
4756
6552
3457
4033
7247
8673
9921
2439
6861
6346
8495
3946
357
3606
6273
7903
2928
2417
8931
4104
2786
8130
5785
8172
4168
4796
8945
1690
7720
784
9732
3692
7339
7059
2162
4321
5361
5666
6172
1499
2933
4637
6166
8846
7341
1587
7919
6982
6101
5008
1228
594
9989
5778
8160
2583
2371
4537
5825
7456
3548
4752
5965
3324
8697
1469
2612
6702
5589
8892
1939
3538
1494
4045
6557
5540
8363
2140
9665
2959
4110
418
6891
1244
5421
7984
4455
1878
6023
9563
2133
7639
7816
9596
4019
5132
9548
3777
1256
8813
7796
6002
7888
5452
115
25
1769
7528
5091
2008
4801
2073
5089
4825
1804
4321
5133
8214
8026
4920
3180
1986
2221
6416
1357
1593
7547
7386
6298
5763
5576
684
2449
3591
9151
2123
2322
7048
1299
7684
9110
4776
3808
6406
2913
7667
7054
6726
9198
7875
1717
5359
3233
2191
3060
9915
1889
1020
1580
2959
7041
1186
9098
8991
1771
928
6152
9224
3209
4289
1485
6253
882
175
9293
3627
9706
6211
7193
5185
3578
9519
9563
472
1412
299
3204
1350
4363
4543
8945
7997
4479
8876
4099
1654
4874
8578
7386
8852
9909
2383
8444
5834
7228
7245
8758
7113
8283
2849
3382
9597
3126
2916
7752
1467
8650
3036
4696
8832
3695
4680
8565
8626
7193
9120
4016
1843
2924
1036
7018
8063
1940
2577
6453
9925
2727
3360
8362
2335
1845
9714
3474
9796
5331
650
5532
4894
2142
3263
7127
4335
5927
250
5243
5296
4783
3451
7701
1276
5702
5348
6720
9180
9860
3989
9711
4337
2128
9265
5973
4739
1448
8810
8456
6609
2237
8193
7011
3499
9842
9374
5036
9520
5940
775
9512
7000
1976
9763
1256
1578
1835
4089
8223
6532
9718
1271
3733
65
2609
7430
1364
2147
6703
6499
2681
5414
8317
5689
8219
4594
6137
9138
1532
2312
7464
1746
1269
389
3483
3681
9090
5085
9144
6559
9438
4649
1662
9528
7783
1899
7898
956
5551
5263
911
3926
2802
8540
2861
4598
4260
9205
727
5792
2876
6557
3800
1679
2909
1440
6751
5195
9520
133
3746
2491
9012
5150
2392
9419
2561
5979
93
9487
9365
2841
3675
7523
7033
954
3035
6863
4326
3557
5104
1934
8400
1101
8977
5407
2240
315
5989
7236
5531
6863
8275
2076
7599
9024
7197
2239
5210
5281
5586
8845
5885
3865
7745
7488
9844
858
9179
2740
2533
7154
2276
5067
6415
3132
8963
2479
748
5245
1904
518
8872
5370
6428
9395
4012
4871
6309
1372
3837
993
1487
1747
5591
2412
4271
2929
7726
73
7559
8738
1348
5313
688
8426
486
6623
6776
8410
3966
7507
6529
7704
2304
1779
1234
3054
3895
5911
9926
5023
1619
5493
8462
9464
5372
5297
9824
7710
2406
4746
9308
4378
9397
8730
212
924
9276
5091
4931
2747
862
8837
5907
5299
7263
4820
2599
5060
4406
8635
7951
7904
5773
2832
798
3053
2588
6911
4153
7617
5883
5083
9940
6396
2468
5863
641
7652
7236
4227
8310
3630
7246
5714
7752
9633
9652
5973
3007
7807
9786
8038
7636
4315
9717
515
5344
3027
8310
828
6622
6008
1002
9714
6429
2252
5652
6184
1511
3879
8526
3157
2419
2405
1507
2642
3820
490
6607
3561
1885
3531
8043
9595
5472
5040
6079
2413
4042
230
479
4330
8970
1837
1860
461
5624
876
5872
5427
9398
4779
9784
1527
9789
5381
2740
8112
415
358
9186
2720
2237
2003
6117
2444
5910
7616
3145
1102
1319
5990
2467
8891
7324
8843
620
4675
4152
957
5793
5193
9262
6675
2933
7828
6692
7784
8602
5201
5046
2814
6448
2552
5356
6636
3791
2997
8031
4746
2741
9628
7094
3214
1161
9278
2932
3351
3493
9968
575
4007
6580
3634
7674
7214
5286
7573
243
8306
5498
5447
9304
1381
2418
5583
6843
6145
5768
5486
524
3404
1980
560
4788
3424
862
59
7340
7536
254
3020
7613
5027
6165
625
9883
9539
3897
9650
1266
684
1496
4470
4765
8554
1514
5912
6444
1160
9663
9347
2049
8807
1584
8843
4455
6621
3794
4843
169
6551
9499
497
3098
5642
9752
6199
9134
1798
9030
7714
7990
2423
7161
3469
2218
4029
3255
8102
259
4750
7411
9524
7478
9220
2843
1961
6873
6633
4987
5087
3140
9383
9531
6175
353
7417
5742
9228
1792
6192
4446
1863
5111
1919
8445
5038
6169
5881
2059
8917
8335
2092
8213
8071
74
9650
8618
7048
332
7456
2582
9843
2335
4185
4801
9054
6792
3975
7376
4969
3645
2647
2183
9209
5978
7770
2077
4030
6156
4281
3778
8029
5311
299
6434
8491
5083
5062
5
7297
6384
3203
3398
9359
1353
6939
5367
5489
9957
9789
3463
200
1442
2529
5275
8561
4105
8843
5603
8654
3519
6682
2882
8763
961
2411
8471
2451
4807
9626
6464
688
2444
4274
9665
8392
9544
5285
73
8586
6342
5698
7369
1311
2808
112
7432
3722
2458
6023
2129
8031
3794
4424
2669
8617
6599
1949
4965
6669
5118
7198
2728
4590
4194
2312
8965
2323
6583
7224
9541
5466
8399
3622
2175
6473
6483
2763
4736
8073
4347
2499
4178
8278
4002
4653
9538
4962
1264
4476
4071
884
8896
8832
5501
9763
1566
4937
151
8198
147
9275
5937
953
2749
5892
9541
4991
8222
5270
6923
907
8063
7480
4194
3029
716
3450
5087
9323
4187
6455
1493
7681
658
6197
8574
8087
9501
5756
7188
7640
6518
2319
5107
5837
4177
2934
6173
8487
3351
1518
4431
7969
8146
8369
6659
9053
7115
605
8359
4343
970
6928
1978
4895
402
1115
4102
6083
8912
1567
3172
9905
1016
8409
8503
4520
6488
9712
4302
8243
2899
5712
58
6155
3497
663
1874
4326
8170
185
262
5302
5821
8175
7103
9728
1535
2095
8595
8827
3789
1399
5441
2196
8185
1722
2870
6223
7191
4514
9795
6265
7172
5458
8273
4058
5767
5008
9237
386
3123
3128
8481
3611
7975
974
1714
6173
5248
7601
4359
4958
9467
3953
9982
8845
4777
3056
7665
6515
538
1991
6029
3190
8699
4742
850
2313
7020
9636
728
7437
7342
7361
1435
5689
9982
3038
6733
9118
7929
8881
5230
6793
5328
2394
5663
5510
2926
7271
4501
8240
9289
3334
2042
3873
4298
5395
1280
6517
1423
4038
989
9869
1612
1058
2082
5439
7668
7502
5630
2232
7566
5580
1070
5229
2456
680
146
2949
2164
5502
9383
7306
9148
2023
7031
9879
7095
6165
2699
9033
68
2264
8567
7284
4571
6642
1547
625
3082
7733
8325
6938
1293
5972
5442
710
6027
3055
4611
3267
8508
1381
458
2101
7685
3252
8378
8294
9786
9259
9532
9944
6840
436
1545
4691
6284
8014
7715
1920
9048
622
4216
473
5301
6015
3421
3575
958
6464
5122
7848
139
8255
9749
6898
4495
1992
3848
8254
7719
2028
3798
5590
7195
3409
8370
362
832
2799
3993
4432
9263
1134
475
8448
3027
1860
1800
5492
4198
8051
6801
6970
3234
447
5940
5443
4434
8348
1525
9657
6869
9307
2975
4211
2084
6632
2196
8849
6113
2161
1670
3230
3994
4834
7725
8590
4777
2804
6950
3518
8772
9361
4118
5097
9002
7722
8761
827
9704
1895
3498
3640
6820
3352
7155
6339
8680
3698
1759
4751
2145
1929
8381
1947
8162
1745
8749
6016
8998
3236
5165
3569
7635
6398
5067
357
5022
407
9751
5009
2473
8609
1911
8275
3976
5290
1322
5376
658
320
6513
3431
3140
6132
1277
6679
2693
9410
8737
9041
8095
1905
7916
3267
553
8730
1655
6775
8884
3892
2309
3006
4776
4622
4512
7496
9259
67
6224
9990
9793
6408
3482
3365
2454
5788
351
8197
3938
6491
3012
7693
3207
3342
1299
1055
7285
6344
3331
1960
7628
4347
6933
6977
4236
6234
404
1214
5393
360
4872
5244
5076
7241
7412
2515
2108
3967
8347
3429
6750
7545
9784
1963
2160
7584
9191
8787
738
2238
3795
1417
3974
3375
8633
7025
9581
266
6848
5254
7694
3303
7282
15
1474
6324
5898
2425
8200
1665
1495
6935
7633
7305
7969
5264
6587
5139
3649
8072
1933
4782
2388
1134
4860
9504
3825
5812
9118
1371
6158
332
2911
180
8329
1788
7627
4991
8398
7097
5111
3605
1397
1658
7631
3394
2226
5620
348
3981
7687
9395
8549
8474
5786
97
5737
8398
8038
4721
1462
9310
5316
1374
8417
1674
94
1211
2341
6928
6896
6353
5289
3917
9601
7424
5419
3821
6156
3485
5503
7074
8536
4519
8793
8529
4072
3203
8589
7857
9092
4552
8117
8753
5550
6911
9714
8591
9927
5076
5746
8498
8623
5180
7065
4210
3399
6468
2343
2507
6560
1144
9272
9007
3617
3287
6828
796
5486
5594
9933
4550
8325
5769
3018
8694
8327
2559
6237
4868
5428
4166
9801
8213
9768
9675
6150
249
5229
7362
2480
1594
8943
1379
8873
340
1154
2902
3940
2126
3828
7790
4432
2425
3343
9875
586
9228
8293
8873
8777
801
5624
9165
7387
7473
5317
6058
7892
3826
7363
8987
7131
4844
6810
1467
5137
3845
6478
8305
6214
387
8892
1635
7417
1543
3349
6672
5619
7102
4990
6490
2879
2129
9922
3520
7110
8207
1706
7526
5912
8875
3127
6930
234
6205
4949
6263
8643
2539
6306
7319
5176
6944
1239
7290
7509
138
6938
4336
765
7645
8918
7185
402
6112
9551
8356
3110
1201
6968
2997
3810
4361
382
7213
2027
3717
7454
1596
6995
4511
5610
6368
467
6466
719
3498
7364
957
3010
4898
2066
5902
3783
6581
2342
2019
5055
2401
199
8202
1132
977
3471
5771
2558
3331
4105
1861
9988
2642
6250
9150
8320
4372
6751
8935
7546
5860
4540
9657
3419
144
2573
4985
9044
7929
2210
2558
8092
3311
4288
4982
777
192
2285
2687
6764
4050
3
3994
2742
9223
4280
9769
2157
3593
1895
6868
4138
7461
2902
7762
670
5936
7467
4981
8722
597
1598
4400
5662
4313
7037
3814
1418
6764
5793
4102
9419
5128
5868
5935
123
5171
4647
4490
8362
8920
355
5975
2651
7696
6796
305
3336
1313
4990
4182
1312
8848
5136
5990
3125
1127
3274
2672
5639
2499
3677
4204
5242
2297
529
3744
2848
8202
4381
9874
8818
8165
2193
9976
4329
7107
3116
6133
1530
9826
8583
7014
2784
759
1780
319
1387
9779
7604
862
2846
4601
9613
6649
3511
3806
8285
2215
8269
5948
9633
2867
1081
1245
3048
6462
5074
2482
2887
7694
7510
6996
8218
7250
3997
7794
8342
173
4169
9597
5215
6496
8480
7175
2606
8475
3073
153
9024
310
1824
4000
347
5339
1448
9149
1606
2269
274
6946
8306
6183
4504
9897
39
9565
1346
6184
4778
1797
4911
985
6447
514
3682
4089
8547
4472
1019
6822
7729
4998
1264
5057
7150
9509
1763
5473
7479
4347
6168
5473
9395
4560
358
5685
2328
4991
3557
4018
2858
7309
9756
3264
5700
5978
5571
9970
8359
5392
3910
3502
8840
9436
6355
5190
819
8195
987
4735
4173
4198
1402
1104
3937
1868
1946
2127
4006
7978
6538
2417
5283
6466
438
3587
7826
8261
8622
7036
568
9881
5316
793
5266
4035
5345
7633
9631
3538
2599
2366
448
5000
1950
361
5858
1863
6613
4632
5739
1296
9315
5668
3185
522
3315
9221
9034
9315
2036
9432
9502
1281
6483
6370
6590
5506
7228
1161
9442
2003
2426
5527
6490
2884
8983
4830
6673
1521
9082
3736
2749
2470
2364
7563
5583
104
4802
7498
7252
9649
2069
3761
3139
5380
258
7823
7830
2931
8321
1178
6456
8175
8260
6261
9927
800
5511
2308
4736
5884
4536
6250
7084
8372
5221
7858
2719
7901
116
536
8063
2824
1932
3072
3034
1960
4844
6210
6712
44
8580
677
3902
9699
9161
1504
8245
4177
1423
864
4885
5013
2633
3840
7077
5071
4225
6847
1313
4112
3730
8880
890
922
1411
7112
439
8148
5885
6244
1512
5058
5560
7539
3402
2283
6192
9018
4678
4594
3015
4835
3336
4506
731
6408
8628
4230
8451
7570
7594
8300
6300
9552
7094
578
9727
8486
4182
7434
3707
645
6979
554
2411
5352
281
4021
9216
2117
1637
1615
6341
1570
8889
4397
9910
4967
3262
7991
3288
8928
4513
9797
3908
8853
8953
3221
5027
9892
1331
2408
2407
8808
1394
8039
448
6928
2441
3938
5354
7600
349
668
4862
3916
5276
506
1426
3972
8501
6038
1283
9512
9952
3929
8421
2582
7736
2885
8027
314
2588
3981
2102
52
8507
7637
3204
5459
9694
2614
9482
7068
6113
8935
7395
5777
7197
6067
1496
378
312
1848
6417
4699
4376
9684
218
1443
1350
205
6361
1694
1293
3061
3743
3890
219
3752
3568
1002
8321
56
5510
9670
1269
3258
2347
5265
9688
9415
5812
8374
5335
7970
7348
1219
61
8682
8275
7694
6180
6829
6578
1973
6584
3305
3378
9093
7581
8151
3400
55
1523
1128
1198
1836
5007
1880
6185
9480
3579
5133
8717
1930
6969
9196
3149
1598
921
2966
476
5538
6558
8082
6987
8467
2645
4581
3761
3437
4659
8351
9609
285
3999
6984
6386
3481
1862
4993
4912
5417
3966
9839
6451
9454
6037
4402
7110
5994
2032
2213
5599
6873
754
3332
4278
8163
2433
3288
5558
1781
3944
9225
1312
1491
1515
466
1586
9362
5778
1360
7173
8381
4713
2147
7258
2960
6305
6471
2652
6395
6960
6806
2523
5622
5740
9340
4931
6771
160
8380
2544
8403
2086
7175
4145
7892
8574
2214
6494
289
1414
371
5525
423
3883
3826
5873
151
2021
222
8913
8112
2746
3816
5040
6163
9980
2898
483
1559
5132
7807
3573
3350
742
5939
4187
4259
3738
6830
1684
6077
2702
1600
3721
9377
5177
7434
4573
6842
6143
3296
4336
6942
5455
800
3484
6119
9152
5580
6759
5402
9775
8115
8277
207
7873
6668
4915
9982
9523
9316
7265
1267
9125
3444
5298
7226
6142
266
1076
9125
9446
3648
355
7386
3260
6933
6420
7563
8827
1644
4891
9740
7532
2663
5275
4482
5175
1239
1748
2875
7612
2355
369
5852
141
829
9782
5694
9269
1275
7310
3010
8014
2507
9094
8817
8281
6462
1076
180
5543
1259
9780
9669
7455
7547
6135
7843
7058
5240
1172
8877
6309
3188
223
8761
4691
1991
6399
9130
5569
1363
4425
4247
1916
6271
3057
7991
2719
9345
4145
9665
394
9790
9387
1082
7995
4271
1131
2752
332
8624
8959
3860
110
9247
380
2058
1977
976
3438
9943
5726
5270
3524
2977
992
7907
429
444
1659
22
2761
4506
5951
3661
9832
8909
9864
9879
2729
9926
8747
9832
8039
5499
9223
2764
6369
5270
7736
2750
1460
5181
8073
7293
8046
6078
6215
5356
9812
6559
5001
5041
9356
9289
5189
4911
5672
7171
1794
921
9776
501
8578
4254
6181
7742
1468
1229
9812
932
890
5315
2867
1196
5269
4978
6001
4684
8202
2009
9091
3514
1163
4581
4373
6979
876
9879
7863
7077
4789
6186
5019
3822
5535
7055
275
1053
3605
6125
4645
8561
9448
5411
5743
4113
8974
4687
1183
4648
3106
3882
3959
2192
3144
5837
735
6482
6326
3536
9242
870
3565
890
5159
6550
9647
3659
3167
3945
3434
4506
5128
5159
2858
1811
9334
2071
4205
2209
6683
3514
5735
6267
2992
3527
9383
2725
5736
9867
2955
7845
626
2390
6416
779
3675
4987
659
6407
9074
4972
7769
887
3277
134
4187
7388
2598
9429
4538
3132
9593
4015
4425
5854
7699
5346
606
3186
816
6071
7553
439
5203
2516
7084
2391
4220
5582
3049
5065
2410
2791
199
9627
3835
5075
1889
4145
8130
8381
5548
5099
6325
6546
6767
2224
7363
2494
6799
6425
3281
9656
8063
3606
3939
7120
4933
2870
2063
1356
1740
8098
8281
6564
3506
6854
7362
7982
245
6701
2054
3550
7500
7986
9147
6200
6587
6962
835
1227
496
8150
741
7685
7469
1077
5118
2160
6907
9418
9789
2768
4880
6794
4514
3912
9025
2628
9184
988
4921
1658
232
7257
6755
3963
6578
7324
8801
757
199
9250
3201
3328
8761
5676
1905
3128
5147
4821
5390
7501
335
3255
5117
7071
8010
6759
1396
2545
1319
2645
7184
9491
9376
6126
879
5360
5542
1644
6382
35
8953
9044
805
8819
2423
6347
278
1313
7183
3886
558
6102
7559
7507
871
3695
8942
77
3515
3180
9230
4795
1163
6744
5689
5225
391
7584
4241
7768
3794
22
9870
2248
1683
9434
7947
9537
2875
215
6585
1658
8613
1339
7196
9028
8200
4949
2371
300
3279
5408
6884
5389
359
8595
1738
6340
7371
5133
396
1512
3021
1950
3248
5285
2310
4959
7598
8053
7739
66
3871
5466
6469
6601
4265
6528
9921
3889
6106
7449
5065
8208
4958
5338
4666
4181
5706
6807
1333
7782
6178
5048
738
8397
8761
1833
6558
9606
8549
5256
5523
7044
6700
8123
393
5326
9875
7020
1206
9011
4516
94
1216
9572
1824
3870
2543
9258
25
2081
2067
3993
5931
5385
8256
5470
7337
2000
8249
4797
1390
2902
1150
9876
3592
564
251
4270
5320
5375
542
6779
375
5886
5569
1147
794
3082
8184
8417
125
6886
4544
5038
9713
8585
9784
4054
9596
5828
1618
6532
5547
7505
8992
8856
9544
7703
475
1141
5298
1107
9797
5242
9773
136
4591
4307
8414
8073
2968
7495
7910
3064
5817
2417
4443
3994
794
5625
8881
5153
6583
2830
7310
726
1196
4553
363
9775
8127
3574
6497
9180
8584
2586
4355
5843
7358
9298
8580
8449
9039
6858
9368
1216
5139
5720
2046
9695
2900
9345
8763
1176
6594
7597
1420
6968
8378
9158
8171
5823
5337
6190
2096
2275
7023
1664
9944
8683
1375
459
7452
6371
9451
1983
4928
8411
9689
3385
9856
7000
5321
72
3841
6926
8485
8388
2315
4725
1990
4667
9868
4353
616
5967
8885
2578
8865
6289
0
1436
2625
5409
573
6153
6737
9475
4612
8358
8802
2116
8745
8160
295
9147
1891
1601
5284
7012
4796
8485
4868
2888
2888
844
9702
2356
8899
340
4998
5940
2513
6117
3718
3837
165
4709
2726
7770
9171
8694
4660
7105
7188
1776
852
7521
9572
4961
3645
6929
6319
4269
4935
2883
1374
243
3919
1555
2008
9621
6931
3958
432
7110
8171
8454
8000
8304
7140
7829
6724
7260
3340
2629
9968
8786
1127
4708
8859
8917
9782
3226
4958
2468
3687
1624
7282
7551
3717
2874
9971
6768
1318
3295
3178
8674
3787
1418
247
9304
7354
769
5134
9144
317
7383
5866
6814
5636
7666
9953
3880
1599
1754
2164
171
3560
652
7529
3796
671
8144
5330
5493
2171
3495
1776
6333
9760
7361
3980
865
1416
2173
6635
2708
6285
1044
5378
8180
5595
3837
7935
7090
2307
4054
6806
7952
8843
8799
3872
6504
4187
7655
9909
7785
7179
1454
4491
2406
8468
3433
9524
9133
6288
2346
963
5279
7162
882
3709
3528
8848
6718
5893
9743
2161
5682
788
6439
603
5129
567
3601
2730
9220
7188
1109
2983
7381
418
9768
8035
663
5305
5218
4482
1633
6189
4114
1088
6750
1834
8958
5723
6334
2244
1825
7592
2247
83
7296
8279
2039
9447
5985
1365
2477
1938
502
1268
6733
5984
9984
3473
3572
3315
4452
9272
749
1438
5794
617
6319
5963
441
5802
9874
5850
7846
3725
1434
14
4190
5764
5008
478
2171
4943
3153
8052
6658
7776
3959
135
7058
9892
3101
7064
8133
6228
6994
2364
8206
4376
4091
4789
998
4428
7209
5677
9245
6828
8498
2526
5681
9914
4898
9206
3191
2341
3858
2014
4231
4247
540
7072
4349
9571
6997
2511
8439
7301
5155
6859
1045
8052
1438
4843
188
2970
2500
8374
2577
353
1395
9558
8434
2377
4236
3412
8346
7811
7160
8765
8105
9707
3524
2716
5220
1488
1920
1690
5394
2617
4181
5575
2060
649
6490
9774
5111
6406
6544
3931
1434
8448
6954
3722
7055
9558
3143
2414
7247
5639
5524
2593
5538
6352
2710
4507
8667
5568
4142
8599
3243
596
3333
8334
2634
1616
1081
4883
6101
3859
6491
3723
8796
8949
3293
7939
5142
2757
8840
2539
6590
7596
1316
42
5478
8154
4973
8629
7811
1519
7796
2345
7901
5571
1744
6377
4248
2451
2124
9087
2867
1974
5358
7905
2415
9588
8826
6401
1090
9468
1913
7903
9797
2435
6780
6598
8357
7465
8629
1008
8046
4500
3214
6140
1274
6734
6788
3383
190
645
7858
4393
3019
2579
3569
2159
6685
7495
7543
7953
3306
8912
5840
9726
4371
7937
3256
4202
3167
5681
6297
5969
6063
2576
9881
1895
5686
3333
2388
8465
7589
3304
215
9436
7607
440
2116
4348
2667
619
5223
740
4566
5860
3391
7155
5695
2705
4734
5470
4505
8861
3467
5138
6755
6506
6413
976
2469
830
3384
3464
5391
3998
2267
8489
2307
7349
4759
8697
5520
6138
2188
426
7994
4220
4387
3009
1926
7728
246
155
466
1562
136
680
2704
9278
7786
995
797
389
3731
5857
1966
7109
8161
2262
3352
475
8799
9613
752
9531
1546
1079
9283
3479
685
3244
9059
2358
8171
5193
8334
4464
4015
6874
7709
1063
9876
1905
4695
8159
3742
9186
1026
3531
863
1883
8531
9355
3742
9348
3370
9870
3036
9046
8972
1700
3429
5513
2382
2513
8596
7531
6173
5409
7753
2163
2288
2187
9078
4172
459
579
4887
1640
897
168
6485
4082
125
6991
6281
5074
2917
3481
7513
2767
3179
6754
7156
1239
5002
2831
6232
3581
2300
5562
9034
7617
774
6694
3848
5866
5364
6433
1131
35
5957
6322
1497
804
5748
6213
1641
4470
3825
7832
8279
7028
7384
5722
7235
354
900
3937
5088
3183
3569
966
2666
9932
3447
6648
4775
8318
776
2889
1584
6078
7903
122
881
502
4953
4810
6927
5718
9163
2733
540
1345
2234
1843
5553
4282
9427
1001
5977
4635
3284
1883
4708
5182
9690
2124
4376
2068
5200
1509
276
1323
8573
6835
4072
6424
3070
6337
8308
4822
9830
5477
8005
1083
1716
6264
3719
6704
5173
1404
4394
6140
9450
5465
7500
4439
3587
7351
2419
1437
3346
627
6396
9888
3341
5800
6067
674
9219
8422
3687
113
1412
1492
7297
6814
516
9133
407
4774
8712
2688
352
3256
8422
910
4980
734
9946
5427
7620
6116
5195
7930
5971
6468
7342
7104
3659
7641
5300
1296
9405
8051
7195
727
7230
1186
1147
30
3418
2926
7510
5400
4578
4353
7658
1744
3974
4301
2185
5779
2335
6542
983
2498
3812
3569
1733
6973
7993
4190
4154
3820
127
7051
5763
7665
4305
6247
525
2002
2684
6427
2313
1150
6143
8284
2968
8391
8647
4669
8025
3904
