7169
238
8946
7471
7676
7762
2044
4390
9539
6693
8950
1990
9439
9619
6864
712
5075
9783
743
4965
2398
1593
2893
2454
4117
2328
7865
2832
5185
8083
7637
6914
7594
7810
2162
5381
9708
4025
9128
7671
1831
2891
7146
9142
4044
3328
8295
2351
6365
8136
2839
6936
315
3483
1355
3970
1588
5122
8777
4690
8494
7507
4010
6138
1399
9751
8816
9159
6672
3976
396
6608
3412
2725
2888
6210
9693
7995
3030
4257
2682
4299
6579
4410
7620
9700
4527
3039
9940
6129
7333
8081
9253
6795
551
9937
5451
6812
1377
7870
3920
2415
58
1242
5480
9841
2243
4116
2906
5870
2475
6127
1483
6704
2755
383
9130
3464
8900
2926
8508
7682
3636
1080
1112
8786
5040
3562
5325
8711
7500
3123
305
7268
2923
613
2853
8933
7987
7381
5635
4130
3967
2823
4220
9800
8097
9452
9572
7324
2813
3106
161
9153
5592
1795
9334
9076
3116
1422
5887
8978
3248
6193
8007
9350
2080
317
8797
573
4408
6850
7882
5337
2737
5420
1670
2471
6229
6617
9411
5238
7959
1912
3156
7312
224
6825
5159
6160
4979
351
2124
31
9126
3092
8580
3602
1792
7736
2218
85
7120
8075
5766
6238
5444
9220
7991
1735
869
8146
7254
5248
4712
8928
2080
5898
3837
6497
9315
1198
3436
6258
488
2046
1691
4156
1443
1935
7635
234
9983
3921
8536
1017
2635
686
5216
4931
2728
8352
1002
1131
7523
3114
1436
1584
6584
5947
7107
2729
9542
9313
8624
7751
6646
5790
5354
1036
680
4757
2327
3232
6377
7169
931
9721
4354
5353
9186
6947
7488
2624
7480
3240
5793
8200
4664
9390
2992
6212
8144
1644
5419
7174
9163
2229
4473
4611
8697
2463
9547
545
971
14
6336
8159
3003
2975
5465
352
7726
9732
6235
8347
8663
9772
9168
7628
3587
788
1106
4342
9895
7956
1340
2210
5529
5843
7271
3793
8638
1875
9339
1678
114
5979
8424
750
8513
3592
3343
2901
5245
442
4773
2666
7867
3434
3
4403
7531
647
5385
417
4114
9365
7634
1029
7970
854
7677
1814
9748
8978
7054
719
243
409
8309
9826
2375
3775
1835
878
1633
9680
4581
7993
6470
544
3897
7161
5439
988
8223
5198
7008
4811
5202
7218
5159
907
8929
7533
7358
2944
6536
9021
4954
954
6079
6803
2662
6918
3189
2283
1363
130
2204
6140
2520
3495
2419
2718
8541
8067
9614
9753
4097
2519
8658
5052
7770
2714
5569
6039
2174
1929
2750
9986
1450
34
3562
5607
9607
8138
1415
2662
6517
1167
6353
49
430
7442
8618
2166
4835
3099
5035
7318
8401
7481
1784
2509
1630
7662
2026
7904
2569
9347
4832
4040
7304
2430
9350
3570
7213
3808
984
4569
9607
5547
3591
8506
4358
350
3133
6834
6744
2195
9880
2190
78
6416
1011
390
1823
1003
527
4895
7762
2495
812
9688
4647
9249
6841
8546
9457
6527
6786
6963
2035
2220
309
9989
9508
7618
5707
6245
3967
8113
3144
2675
7031
4830
3855
5059
6214
8775
5316
3970
1974
178
8811
3876
8191
9236
8181
7504
4760
9454
1521
5723
5799
5184
435
3214
8911
3023
3589
1511
792
2469
4581
5342
8702
8083
4199
1683
5522
5708
8099
664
240
9320
7660
6116
6987
5926
3616
3353
5056
2890
297
1100
199
2970
6854
101
9688
8873
3882
3032
5198
7091
2852
9474
241
4402
2981
7504
2792
1545
2129
2088
8879
8106
865
9451
6362
8218
7582
2513
5348
3845
7895
8918
2441
7527
438
7197
5491
9073
5125
2262
1741
6148
1861
7425
104
4207
9829
2987
2506
417
6887
6860
5136
511
4090
5673
2193
5917
3587
3206
3278
9669
7265
5622
6749
3112
2773
8094
9000
7835
2881
1612
2278
6768
8081
854
5308
1157
2549
4808
325
755
5134
2966
4589
3164
842
1318
8782
3703
4618
7032
4207
1417
3280
3769
1990
9088
9181
3647
7119
7805
500
309
4496
370
8144
3576
1834
467
1135
4373
2012
3335
5964
2640
8106
7395
7802
4264
4412
3804
6620
4616
4013
8724
603
6090
6872
7054
7406
650
9357
9326
8527
6429
6987
7724
2927
8486
4750
1719
4731
6270
2710
9427
9820
5119
7520
991
7505
1908
7334
8190
83
6685
281
6355
6535
2548
7520
3520
6369
4409
8507
2900
1052
9383
5259
2174
4007
8944
2988
2396
2007
7379
7550
2610
594
2484
1658
8533
6557
5317
9381
4008
902
806
3781
5053
7414
2785
6831
3512
3047
9393
1659
3843
5431
8542
5678
9470
9047
5698
3853
6503
1851
5846
8173
1640
5506
3788
8328
4272
2966
9160
7561
4834
8150
4345
5080
9972
6449
4038
8245
3841
5129
6744
1163
889
7484
6293
5092
2388
2537
4
9584
5713
7514
9422
4899
5559
5629
8331
8403
4543
9260
9940
7210
8685
3872
8468
3213
915
4783
7554
5062
5868
6107
9802
4353
6374
4340
9016
4031
5100
5511
2328
6761
6851
6698
4791
4874
701
2850
1568
8298
7208
6361
7248
2550
4293
6225
7386
6660
4417
1616
8899
6028
2178
2090
702
46
7738
7884
1886
5772
4521
3467
6124
509
2207
1908
7569
3433
4998
788
4450
4910
2988
3775
3403
1685
570
8911
1583
7162
7304
7971
6027
9326
132
2242
7599
1383
9239
9245
5654
9386
6294
3203
153
3534
8379
5394
2411
402
4286
7143
744
2233
1960
8475
9699
9752
5882
8092
4200
8826
918
957
3780
9815
8556
2309
8329
3702
6911
9251
2475
2083
4657
5385
5773
8303
3617
3445
8618
6758
4822
301
6170
3185
836
2098
8078
4815
4147
2483
5922
230
2760
3458
7901
6940
7915
6354
2964
8389
3497
4063
762
9
9435
2259
4149
7082
5249
8689
3654
3802
2208
9121
4067
5120
4516
742
9035
2091
8197
3020
8819
7557
7085
4570
3537
3155
3953
2852
31
5548
2714
3805
1392
169
946
6529
5847
9120
6545
7260
3903
6378
4521
8195
8976
652
3671
9908
8885
8730
5868
7794
2016
1548
2902
9094
6199
3472
5257
1723
1734
767
7069
433
2348
5143
2353
7161
7785
7603
4399
9865
9835
5480
4196
1532
9346
3807
6834
3694
6512
5982
686
4975
5584
738
9473
1564
8506
8851
9646
4540
1767
2721
4427
9625
8726
3160
5346
7199
4951
5609
7572
4171
4766
9271
7679
4537
2044
7906
6909
3679
4660
506
7483
6899
2200
3688
9873
4992
8809
6371
6313
5515
1286
1665
8279
6484
5439
249
1376
6150
1206
4902
4611
2336
5598
4920
6620
6266
1587
6200
9599
2040
3090
1126
3623
3149
9273
2329
6889
1929
3735
6277
3645
598
1990
8791
373
7009
2267
9362
2897
5189
1282
143
7161
5169
1766
8411
3165
3714
6163
7401
6726
7628
1216
252
8357
705
6268
6211
5046
1842
3036
7025
915
9510
7488
9023
9992
5379
3517
332
7469
5815
8746
979
2351
2957
2696
7589
8425
4832
2911
5550
3679
6799
3731
4381
9473
2153
7019
7755
9146
8741
6819
8965
103
4823
1996
7539
6337
8580
32
6903
8681
7988
207
7663
8745
1795
8265
5243
6748
934
1831
2967
743
6032
8184
4939
3811
135
4110
8643
1239
6584
3920
5486
3578
8535
7904
6342
4598
4472
2887
848
1029
4694
6936
5475
916
1378
8936
2429
5197
9903
5190
5184
9430
548
3763
3028
2241
5639
5945
9659
9343
5744
3123
3895
547
7721
1816
2175
8715
2192
2037
3004
4312
736
3806
8474
3831
905
2692
2240
2231
8744
6879
6865
23
9482
7381
9481
8686
6171
162
7672
3638
5321
3319
1977
9955
1274
579
5302
499
5968
450
2884
4408
5164
6503
6924
7423
4707
8849
1434
9222
6361
1966
3906
8213
8052
5978
7906
2116
1111
4921
3085
2687
1104
1301
4776
5027
5340
3491
477
362
7952
3440
6963
8111
3773
5036
4104
9105
7332
8945
8432
3549
6485
7842
253
9830
2909
1032
6705
2603
7033
7808
5110
3528
9841
7011
1535
7675
1590
4863
9039
6964
3107
3905
508
4687
1205
6494
3915
9012
3371
475
9046
756
2206
8076
1549
3500
9982
6469
6881
1661
4117
425
4871
7328
5539
5409
7578
8941
4114
8332
3071
1333
429
4457
8564
479
9595
6581
9301
4959
7949
9748
208
1061
577
2123
537
3022
7346
7002
594
7210
1826
5430
726
7557
1063
8552
5376
9686
1720
8901
3813
3409
6164
4950
9945
8096
2441
6860
8909
1018
1012
2986
4668
7910
4720
7514
2561
9404
7223
5716
1542
8717
9308
8187
2426
1576
9209
7723
813
3026
6302
7106
6510
4527
5483
6223
107
4661
4478
5590
6302
1885
755
3915
6547
9748
2842
3733
8308
7298
3301
5349
210
4277
6672
603
830
3988
5098
4126
1851
2992
1566
5102
1466
6625
5929
6039
1292
6651
5834
5893
4366
3907
8561
6663
1509
7135
7328
5197
6806
979
8790
1879
8975
2304
4953
408
2048
8552
9227
5775
2111
2282
6562
8036
3531
4603
8838
894
7317
7717
3506
6982
3294
1815
9559
679
5518
7944
7825
4274
2637
1691
7695
5320
2785
5232
8395
4187
2684
8122
3397
1833
7594
1507
6547
2074
1692
3820
7460
4296
5722
2217
669
4518
8417
4233
2405
8600
2018
6355
596
7941
9520
6324
1839
4174
9415
4180
1685
4717
8240
1299
6880
3205
6395
4874
7730
4388
1113
3535
8646
2146
5103
4808
4286
5426
2517
7877
3172
9604
7934
7196
1759
1881
99
6364
2621
6944
4654
5168
4652
5477
7481
3735
5687
8086
6188
6598
6128
3615
9832
2113
9024
77
4172
5167
5315
7815
6069
2421
1911
4525
7218
2815
3250
8371
6467
7411
2505
6913
705
18
1706
2218
8845
7160
5733
827
2958
882
7306
6297
3808
3771
8433
8194
4004
4724
5888
600
2310
8294
6882
5262
9768
9066
1112
5906
411
7684
6861
1186
198
8960
1092
7696
3950
9708
6634
8575
1888
4330
8710
34
6259
5498
8818
9780
4947
8176
7375
8628
40
2849
4673
1737
6341
1650
6916
3782
7745
3297
5450
9422
3161
5468
3381
8545
9269
4035
2921
2154
9044
3875
5449
7754
9558
9071
6166
41
1325
3172
724
1308
8770
6190
3871
2305
2724
1676
9144
636
9267
6204
3872
969
1696
5082
4734
6320
8591
4157
9222
8180
7974
9823
9446
9689
3822
7165
4205
7442
6491
4100
9266
8442
452
3050
7070
5148
147
409
3485
9247
1796
9400
8130
246
5669
5864
9227
9814
5782
640
7052
4679
4219
297
9315
8744
4560
7128
6997
5533
5010
175
910
6884
724
1020
2711
3647
5991
6000
782
5741
3810
455
1632
528
8189
2952
2142
9924
1199
7861
6136
8992
5274
3444
6196
4394
3138
7032
6350
7115
7181
9406
9365
6097
397
9962
326
7875
1374
2799
4393
273
1429
6155
6538
1589
3916
819
1141
7047
1276
8467
6856
3278
704
6740
2614
2065
8551
6257
282
6427
4479
6254
7312
3369
6429
8890
7981
3746
624
1428
8855
8826
423
2773
9933
7323
6146
8829
2793
2057
8264
2067
2534
6984
540
1692
2751
318
9427
3761
9571
4758
7918
4932
9094
9414
9878
935
1490
8063
7406
8074
5604
8799
4202
8972
9157
2912
3361
3693
8711
4786
6370
2012
5889
8326
8182
9329
1167
9365
484
6234
5032
807
6348
2413
1639
8018
8798
5629
3351
5697
7341
2567
8985
5602
4690
658
2992
7340
1330
9741
6101
584
5891
5406
721
3915
4992
5511
947
1285
2646
9039
8721
9787
9047
6907
5396
9881
765
3665
2162
1067
8692
6811
8608
2018
1273
3403
5180
2329
706
2731
8486
4952
4448
2416
5613
3890
6708
4751
1961
1207
4272
489
9335
3718
6016
9421
3530
1144
3033
2996
1668
5614
7643
1051
6297
2531
3976
3272
343
8905
6516
838
7506
6504
123
6523
7878
8785
1086
279
6603
2449
7474
6881
4564
7715
567
8870
1024
6807
1217
8726
1421
8905
4283
6549
9010
6617
2169
5985
3519
4842
7489
8637
3808
4424
9304
7877
8801
674
2209
6543
6927
8936
3683
1123
8775
7804
954
7354
6845
1910
9640
9097
7562
4385
2070
1045
8220
6849
9713
5277
2861
7991
1185
3897
8072
5634
2631
6915
2252
5458
4072
6061
4738
1387
3622
6534
9277
8752
6376
476
311
7939
2305
9491
7400
2607
2063
429
3998
5551
8489
7064
7041
7909
9408
1294
5725
8870
692
898
6733
9288
9635
2931
4012
2251
9467
3860
1792
5942
8845
2937
7878
9926
8247
3551
6125
707
9381
9192
5384
9560
3774
7246
443
8787
4147
3652
9183
146
9689
5117
8311
7246
3588
3717
4733
4672
440
2495
9662
9726
4430
7165
1108
2852
1846
7151
5745
7096
4353
3496
5072
4265
6046
8997
4633
8254
5579
3988
5747
8885
8961
1673
4161
7744
6191
1396
5027
9614
2284
1115
79
9668
1601
3415
6079
116
1734
9691
6490
4013
4997
5056
5843
9040
4080
6725
2858
7343
7509
7998
8841
1121
5503
19
9507
1672
667
1742
4749
1436
3512
8065
8213
3837
280
9082
4565
1609
4421
8111
3834
5126
3282
9310
4031
1799
2594
7055
9357
4018
8272
3197
524
7384
7921
7353
1115
4083
5600
8467
455
9189
5731
9254
2060
1133
8383
5343
7914
4983
5343
8939
3782
227
3968
2202
687
6563
8598
6927
2002
9412
1494
5443
5502
8235
1068
7288
3442
9544
526
9187
1218
5445
3621
3808
8670
6562
7615
7854
2763
3765
7715
9450
5458
8536
6630
4
273
4873
1864
6419
6902
3642
4735
6102
1411
3156
2154
8726
2680
2285
9308
5588
5245
3932
6503
4536
6559
5515
6694
9546
5697
9771
7775
4415
4686
1888
3932
7208
2110
1768
5382
8978
2770
8783
9224
1399
4574
9297
5850
4882
9858
9693
1361
6509
4438
9846
4124
3512
8033
7059
4002
3163
5934
1925
6975
8618
8218
9568
1601
344
7128
5602
4281
8987
6913
3378
6318
8119
8157
5700
6052
1551
6899
3116
5182
1171
2840
3319
1013
4175
5529
2501
6549
7897
8493
9401
790
6999
9961
3700
1221
9632
1336
4834
6344
4175
1432
1230
4876
826
372
6175
4304
1633
6875
9888
908
6635
5625
1309
2232
6206
3194
710
5312
317
7353
1687
492
7507
3778
2402
5670
9168
9289
7257
9543
3243
9138
1570
7220
5457
525
6303
3877
3361
6467
6694
9660
3012
7626
2900
8201
573
4163
5851
5165
1421
1897
6297
2724
3935
4267
7451
9567
3843
5183
2268
6219
1211
374
1498
3048
1492
7251
4451
3144
4810
6871
7244
8488
685
6413
5445
7667
1934
362
2349
6582
2794
3661
4015
7266
974
9284
6247
8491
8160
2952
9410
6342
5168
2906
4140
8123
9548
7375
9352
4038
9434
2559
281
8990
4319
6137
1971
4981
7685
2917
1109
6995
9079
3553
5075
3730
4589
8096
7234
3290
8484
6420
382
1516
9262
4096
7687
8249
9210
962
3453
4388
849
5934
3979
9802
6838
9122
1941
320
1684
7980
4828
9158
3535
2565
3242
5388
3926
3080
606
6955
8524
1551
5279
2675
2806
3225
3617
2993
7198
9156
8522
5449
6942
3453
2268
4392
9296
2652
8204
9341
6825
2432
5612
861
3777
1814
8558
923
5701
7589
5153
9598
4645
9829
6938
5400
5975
7499
1586
150
7382
7383
8460
3291
7212
5950
4161
3972
7221
2098
2102
5768
7755
599
5624
5188
2763
9719
4325
3393
4708
7403
4018
6009
1687
7820
7600
9310
5973
3129
7335
7091
8307
5538
4940
4481
7784
6681
8180
4588
4274
3208
2293
2659
1528
6355
7634
8129
3158
6062
2607
6395
1904
1508
4676
3248
7274
1310
8701
5271
8715
9118
1306
1175
5765
1131
1209
8531
8566
740
1551
3066
3912
552
4364
2526
6614
5920
5142
1259
697
5765
8979
8408
2915
1451
2845
3532
1623
9096
2141
4971
7750
6865
7651
6464
9635
2955
4671
7286
4678
6522
4377
4925
5832
1742
2554
9309
2428
6560
4831
9050
2140
7429
6887
8753
9096
6178
1970
808
9807
6776
973
3464
4900
5595
324
7966
5852
6437
7238
6948
4892
9696
28
3127
5767
6233
113
9237
3901
4716
9982
7168
6491
4297
1452
9518
1305
3555
6130
9057
5700
7504
9998
4787
472
3777
6030
2476
708
4526
1008
6829
8953
9866
5155
4830
5136
409
793
375
6502
4107
4185
9079
1979
630
8988
9505
1490
3227
2299
807
1266
2025
2261
1652
4104
4588
1669
6015
8241
9193
6432
876
3783
3409
388
2124
1182
3566
1450
8768
3343
3234
4894
4740
1702
8085
6632
8410
3930
1142
1992
3940
8457
2848
5317
6127
1412
5267
3877
6533
7232
2559
3524
9407
4296
2886
8993
9898
498
8816
9922
4204
7700
5655
6714
6694
5674
9112
9860
4994
2289
9748
5883
1806
6254
6415
8178
7766
6227
9104
9618
4995
7805
3698
6937
4794
1169
1718
5675
7757
2534
3337
9809
6148
134
2655
3728
2572
1646
3509
2822
5348
1482
9558
3030
9164
2466
1895
3203
5974
6378
5727
4046
4805
757
7067
5971
5431
7549
6945
1462
1884
5466
1084
6012
8061
1265
7094
2821
1392
7177
9303
9217
2207
5036
7748
486
6719
3385
3665
9328
1052
6408
6248
6635
4524
2439
3379
7411
3770
2125
5739
6559
4066
8973
8985
2973
5862
7268
9924
4645
1374
253
9819
2724
8237
1838
9728
4506
6862
7237
9954
3268
736
1718
8807
9103
4628
8108
7449
6437
2615
8866
4999
3156
1678
2826
6165
600
2628
5868
2688
7036
2595
276
2658
9294
8503
3165
2498
4732
2127
2799
2062
814
2624
868
1936
453
5342
6429
7458
5871
4774
1296
5208
9369
1471
8739
219
4406
9313
3144
1056
1054
6638
9259
947
8888
6222
3343
8834
2235
5986
636
6247
9448
1043
1118
9451
4828
6635
6946
8019
1336
4645
7061
4321
3326
6770
4023
8551
954
6506
8924
4335
1438
8535
480
417
4010
4202
740
7634
169
9357
2212
6224
2451
6148
5594
9446
5813
7394
3527
5747
9200
1607
9733
5046
8627
4863
1431
4240
6772
3979
4757
3262
9250
1833
4554
1769
9783
7388
544
2257
1917
7583
2987
8946
1842
6692
5553
6282
5968
1709
3858
9160
657
6172
9681
7719
5175
6714
8373
7562
1076
4471
2891
7574
8762
6103
7672
1403
3823
4580
2473
4171
4650
9354
388
8197
5463
4563
3029
1407
5845
9245
6807
6671
5202
1623
5154
5163
7497
2206
9455
3620
6412
8582
9805
2734
596
8653
8471
9999
1660
5914
7022
3828
2329
9564
1474
3049
7409
4997
2690
8033
338
718
8175
6224
4522
4545
493
5562
9873
7303
5119
6503
4858
9939
6760
9722
2486
1046
3585
3484
890
991
3951
9284
5906
2521
9344
8367
4269
9697
5614
5977
9570
5162
4057
7357
6222
6108
5505
8078
8610
8219
3994
6161
937
6560
4698
1013
6319
2231
7850
610
6782
8692
4933
4204
7928
9868
289
1200
7557
7367
7098
8600
8804
115
9161
3706
7013
3225
7996
3607
5723
8150
6110
4156
9543
2457
7123
6982
128
889
5781
9239
7975
8945
8901
3924
8684
2986
6290
7477
4989
1751
1783
9899
498
7563
6229
1116
4962
114
1754
6255
1074
5799
5382
5202
1959
1375
3046
1156
7847
1908
5810
5056
2606
2311
3822
437
2261
8701
7788
1710
8123
2330
5647
5790
2533
3521
9127
2406
743
78
6734
9792
8353
8184
8973
8546
5737
1716
2097
2400
1282
5141
2370
6772
1050
7936
6854
8344
6745
3391
8746
8475
3507
3326
606
7156
1690
4355
460
3947
4963
539
5070
7251
8376
1962
9233
1801
9452
6634
4989
787
3406
7034
6129
2501
2194
1597
1064
4296
3203
2643
3308
8451
6284
9868
7853
4231
9996
7802
1724
4202
5468
1421
5372
5528
8813
7945
6000
1480
2744
6406
3643
3463
7059
3511
6698
9346
5297
4984
3317
9660
2949
1859
2156
6612
576
8185
1130
9068
7613
1760
4985
6115
4773
6607
3106
1067
4657
408
8443
1926
9615
4946
28
1788
3920
9043
3163
464
471
2417
8328
8060
9495
140
4723
9288
7161
7216
4137
9497
7620
7272
8359
9172
3785
7737
2814
3885
8115
2084
1707
9030
6161
9536
8999
561
9821
8140
3155
8878
7392
6078
4509
6086
613
1223
3614
1033
2794
8049
3673
5607
7331
5478
4644
7553
1744
9664
2454
2236
7321
775
8883
1643
8147
8504
2519
6130
3171
9864
2234
2657
5573
9853
4018
5443
9687
4668
1271
6922
6201
2384
6377
9628
377
4121
3430
2288
445
9358
9371
103
1206
2918
2660
7238
2999
8798
9859
2972
2123
4645
8636
7215
8087
7911
50
6156
6892
90
8107
9531
5833
2316
2340
92
9591
8354
9043
7795
4709
9013
9258
1974
8346
3586
4614
666
3871
3649
7153
7639
9335
4438
7448
4712
7600
9054
9
4066
517
2568
7589
8071
4095
7641
3845
8609
9583
8199
5482
3788
6531
7381
7185
9932
9507
6098
4779
7385
1598
9010
3115
255
4017
7991
173
3399
3145
9376
3764
7766
8493
2052
6230
4608
5169
9032
3303
3679
5322
5357
9506
4893
2413
1688
4450
7573
9069
3478
6023
9987
2141
3080
8751
9898
8215
3236
1786
8054
1810
5280
3143
5584
9350
8507
5526
3227
3852
3220
4465
8363
5451
8861
8492
925
4091
9317
9679
8569
6950
5682
9953
1230
6140
4105
5145
5502
5213
6391
2853
1808
7029
4182
4395
5780
7300
4945
8590
5591
466
5112
2833
6634
8213
117
3881
3266
8999
683
1336
8119
9988
3514
5008
7979
8643
9163
5637
342
1562
9188
5364
236
549
1410
9288
9764
6415
4590
4572
1558
9429
9938
6077
4697
697
758
3338
6128
9874
7588
2124
2061
1880
5141
7674
8676
136
7446
6921
5316
7451
2747
7357
8718
9859
2473
4826
741
7811
3955
8205
5925
1471
5387
3328
271
4319
5583
7471
7681
4121
4980
1815
9943
9547
5101
5751
4140
2382
8869
5229
9580
518
4402
5532
7725
1649
5111
1506
9258
6031
3833
7283
6671
8862
4289
66
2852
7972
3885
7293
5113
1298
6587
5741
4827
5218
7180
4195
3874
8464
4634
2786
2679
1856
147
547
6677
1056
2184
6043
6218
6491
1457
8419
1200
1275
1192
8168
7060
7418
7159
4741
3667
6403
3052
7053
568
4601
8059
2991
7086
680
5473
4280
6218
7288
8938
8568
908
9224
6720
6758
4882
5277
8780
4948
3220
3860
7399
3526
5942
5015
641
3496
2281
6864
402
4894
2438
6410
6596
1108
658
835
5285
4689
7055
7472
5899
8459
3494
8955
8752
7813
3192
9045
8394
2411
4942
5022
3914
1006
1020
237
6175
5164
5015
1522
6603
1150
7823
2062
3877
1241
3464
5649
2218
2179
7554
9558
167
4937
819
623
6459
1824
6864
2605
7709
5891
9423
4114
2076
1548
5731
4703
7491
4716
3593
6234
1616
1948
2137
6620
3273
7053
5670
2495
4340
3213
8109
7489
7703
6640
2935
6650
9355
3084
4379
507
7107
7797
4223
7059
9963
3186
5043
3466
3773
9810
5515
1305
8603
1698
2048
6260
2739
5523
4828
7491
680
4478
3898
7555
9221
8256
7984
1852
3536
7668
8849
1330
5364
4612
9927
4861
2193
6187
9238
2730
4278
7324
8458
6702
2249
9493
140
6964
7879
6297
3291
8983
2551
3591
1332
7399
4558
3918
873
1851
3926
7206
6017
8980
5953
3848
6651
5361
2567
9394
1730
9975
4750
4416
2853
2144
1715
5099
9786
1577
3553
7921
6865
3796
4560
6620
6302
4911
1080
8084
5960
2142
758
2355
9481
3681
6627
9187
6843
4417
3903
403
1922
6043
9054
9708
8054
7785
8002
1103
6868
6865
5154
4533
48
2750
9971
8806
7025
6236
5014
4466
9423
5999
4245
8600
64
1717
8465
8659
5850
7797
8659
5458
9514
6859
9503
8962
2409
7276
8134
8290
1465
6823
4483
5215
1532
4714
1503
7207
8188
9574
5074
6616
3208
343
5106
1102
3685
4347
9376
3253
1534
9222
4783
3404
423
7082
9522
4113
3436
9987
2567
6449
7286
9948
3603
1829
7105
5194
5312
2253
6782
1807
5058
3588
4132
6808
9551
5842
5253
667
936
6427
4057
5647
6440
8246
821
9453
1020
2301
5006
58
6893
2680
2828
1643
4903
2543
1850
8610
4539
2090
47
534
918
2892
5855
2755
6965
6121
4144
2849
3149
5570
7369
3992
7604
4190
4543
9510
5779
2323
8165
7501
4998
1155
8376
5822
3166
4467
6488
4409
801
8893
5227
6221
4989
6228
8545
5904
3846
4070
9297
5629
391
8712
2686
7210
4315
9681
4236
190
6014
4402
8644
2237
3869
1511
1328
4763
8084
7241
75
3806
9827
2901
6519
1344
8632
1383
9202
6908
9508
6989
8786
7995
5205
3315
8994
5033
6176
190
9634
3646
3739
8855
4122
6649
4622
4116
2325
5254
9616
8553
6275
8260
6338
3401
1844
2220
1542
4927
1349
1894
2985
9751
1581
1099
3472
8394
5244
8500
7765
8083
4584
1424
6728
2434
4738
2328
962
6090
7032
8609
9209
8523
3478
9089
784
5562
7284
1929
9241
5375
8593
521
5438
4104
4088
8274
4524
849
532
3483
3464
9289
222
6917
2128
5160
3303
287
8740
5644
6723
711
6776
3828
2003
4322
8303
5857
3508
9605
9137
3167
2781
2971
2177
2797
1860
3860
6242
1286
5994
1496
6890
6675
2580
1249
8453
5278
9880
3391
5701
9969
7165
1138
6782
6550
7835
2780
1445
2433
5122
6971
1145
1349
6250
8592
577
5288
3603
3328
9601
6012
2769
370
8459
6708
9497
5694
1007
2740
6826
3324
709
8800
2147
5212
7614
6715
3020
7397
6389
1781
2257
4557
7633
2336
4000
9965
5916
5320
5177
3780
4929
8355
928
6487
5083
3174
7908
2519
7557
2110
2971
7340
1412
8926
1934
1867
9848
8111
3145
7797
1773
3301
3456
4130
7494
6403
8856
1940
5440
5094
186
9515
5216
3355
2237
5764
8227
9886
6066
4089
5375
6779
7524
3855
8835
7534
4641
6812
9777
4929
187
7456
4254
5025
2670
9745
5503
6082
5895
2120
7648
6857
9746
1403
2067
2741
8649
1330
4333
5358
7027
8968
3484
9949
158
1293
7865
9950
6311
6335
8383
6900
7514
7370
6301
9661
5101
6444
6529
3026
4714
6195
6720
3046
7792
7937
892
2603
1063
8212
6154
8955
8035
5837
7725
7871
5756
4703
8391
4678
6292
649
8067
391
7896
1851
1535
7487
1387
7427
8835
9178
7970
9288
1958
1829
296
298
7934
7549
4067
9825
486
9941
4217
494
8767
7938
3890
8080
9909
1875
8133
3234
5342
1537
8766
7388
8829
2530
8645
3976
732
1306
4805
7775
255
9421
4446
9361
2831
356
8361
8504
3750
8431
1441
7637
8272
6751
9240
4667
243
2292
7493
3526
9407
8748
5472
6931
5581
9189
9271
9373
7943
7220
9388
3812
2924
3286
4683
9872
70
6569
9356
6430
3806
6372
5679
6864
6545
2070
9834
8555
1297
7762
1422
4622
6155
9071
1116
4011
6378
5859
9813
3577
4102
3526
6240
9406
1689
8461
1445
8554
7845
2312
3048
8884
1395
2967
7441
9048
9554
2695
7122
5153
9622
8233
2646
8285
9969
5178
7580
5368
6362
3720
1624
672
9611
9859
5007
9333
4147
4530
7311
7785
1199
1832
4213
3526
4430
6251
3373
6373
1883
9936
8156
7880
8209
1383
8622
1313
7981
617
6160
7550
8810
9550
5533
4567
6793
7664
8899
1734
8514
6811
1474
6544
8688
3963
5930
3356
714
6515
3363
5249
1170
8811
105
9586
119
1928
5067
5056
697
6286
2224
3465
7430
6253
3136
3982
4370
6794
8920
8523
3064
7489
7046
3508
8571
3654
5784
9692
9075
8560
3707
2811
7898
2337
5192
2948
5283
1819
4078
522
4604
6058
4203
39
1254
1490
6989
8352
1131
8584
9841
5452
9492
8535
8195
9787
6665
6309
2401
8695
2988
1869
8432
2222
5048
1590
7664
7691
1956
4266
5126
6509
2650
790
7764
3832
3528
7826
1952
7775
8313
7434
264
2722
5437
4578
7001
4179
8884
7191
830
5199
7666
5436
1591
1839
8922
1807
4415
5096
9352
7313
7164
6849
9335
1333
4550
6784
7199
7408
3588
8358
2308
5339
293
9869
5136
8690
3770
2904
8121
5606
7081
8719
5097
898
484
3914
9546
9257
9000
2763
7446
9449
1861
7751
9563
508
9886
8584
6230
7999
2806
9378
4823
9046
2831
9308
6394
3932
8792
9622
9642
2954
2755
3260
8324
9369
7068
5389
1125
8744
1841
9646
2189
6669
4709
8863
957
3094
5332
3338
7589
7412
9469
1223
9417
6162
2515
6101
4323
1382
2947
6930
9613
5557
4581
1734
9413
1601
1148
1286
7056
8822
8214
36
7965
7478
3940
5251
1216
5422
5529
5844
8028
9455
9296
1251
5126
8247
7303
1567
8140
5934
5477
631
8105
3677
989
9301
6101
3624
7982
7284
6048
6185
4688
5268
5162
9322
6235
6837
322
39
7378
8241
1249
3770
8173
7179
7692
870
7134
889
2017
4860
1051
4886
7454
5179
5068
5995
7379
6553
2739
7800
6479
1116
432
264
6242
8589
8253
8787
907
6765
5639
7352
4691
4744
8925
1211
7663
4933
1938
4863
5082
9259
1445
8725
9067
3062
845
7253
7566
587
5240
2739
3486
9752
3623
191
3794
3487
109
183
9917
2545
6063
5591
5932
7424
5099
7335
2598
2412
5094
502
3940
9556
3208
9140
1078
2783
9052
6847
2064
1628
7197
9252
3876
6661
1766
2229
9843
5606
8046
7400
6101
3994
6435
9289
3795
8527
6692
8690
6695
7332
1784
9566
7618
5625
7073
2642
1701
2597
1577
6391
6555
5701
2822
3967
7222
9837
7235
4341
6012
1425
9875
6798
9302
5112
9511
3357
2019
6201
3736
5284
1373
6618
7393
7006
6045
5750
3579
7941
7149
2468
2484
3143
83
4557
590
1995
9465
8128
2037
1068
4331
7137
3671
6243
2169
9821
8984
289
1078
1888
8969
9427
7286
6964
7714
1849
7951
6450
8283
5420
9126
1268
3052
720
9885
1347
2044
3465
8935
3260
2966
9516
7200
432
9859
89
217
1223
6912
131
9597
7469
7545
7998
3936
7378
6302
2036
688
1146
7114
4796
9237
9716
5970
9279
1936
6097
2897
1772
9108
933
2524
5596
445
7454
9396
4990
741
6684
6617
9869
3415
9602
6312
2456
5218
3597
8118
8699
9874
6399
7033
7453
368
5695
4249
8720
8520
4800
8938
1238
6455
1601
6546
864
5826
9632
8204
6468
4534
9688
7072
1573
9441
1095
3706
2299
1929
4787
9373
618
7845
3669
5423
597
8674
259
6394
3623
4786
8065
1296
6662
3164
1187
3791
8191
2671
7081
9842
3337
3658
4717
5653
6455
6279
5942
1450
4317
5184
9433
1860
5220
5151
748
49
5900
2445
913
3546
1761
7510
127
7177
9556
4245
3908
9469
7157
4351
5714
7452
1095
2195
8510
1783
6246
4269
6576
8014
9395
3928
5950
4699
3435
1219
1152
9371
4182
6611
3573
8148
5936
2601
3532
1283
9249
5527
3286
685
242
3861
1608
3735
4621
3383
4843
4090
887
6059
9323
3893
6555
2915
8333
8608
6852
2166
4809
5278
4737
6266
6011
7503
1399
1479
1527
1838
9508
5294
2647
8331
9486
4901
5965
7210
5321
8385
1372
5844
1055
625
4808
2189
8522
7583
8045
8732
6035
1411
4859
8348
3766
8655
3094
5409
8401
478
7811
5496
9437
5075
8083
4403
1572
1530
1605
7255
9536
6409
1545
7344
9570
6936
1722
3843
734
7304
2133
5189
9584
1026
9391
2219
7557
6852
1736
2087
2159
1953
1965
7699
3526
8632
265
5826
8603
2932
71
4366
2671
7860
3402
609
5374
7298
3615
5999
5036
3411
1065
1967
2663
1412
2051
7532
9917
1683
7071
8438
8424
876
3711
5324
8225
7539
7165
3393
7281
1029
8549
2777
1236
16
8686
2553
5123
1733
4132
5240
7074
5665
1330
2419
1052
6827
897
4898
2975
4651
6723
1454
5165
7374
2410
6423
2863
9535
6400
2458
1283
2248
6968
5682
3242
2716
3735
4635
3316
4059
8587
9283
6255
2593
9476
3629
8893
5660
4327
2867
338
1885
6505
1000
8312
640
1343
4389
7749
746
5663
824
6045
7338
1047
3977
3027
5127
9879
496
6202
9154
695
3333
6637
6615
5266
5178
1739
286
1189
8136
2364
5880
5691
3281
666
4060
8002
6952
6954
4865
917
4725
675
1918
6225
6525
853
9518
598
2638
9014
6204
811
1037
3886
8181
4438
9879
4861
1353
616
9426
3217
7005
4656
9461
8604
2509
6164
1458
6345
2766
1380
6528
5124
6010
5860
1338
6588
3346
3114
308
6008
7706
8563
2613
69
7930
4823
2423
3997
9610
5571
3616
7211
6252
759
8701
8938
1080
9744
1009
1059
3127
7498
3271
5822
3047
475
7652
3427
3452
4988
328
9740
9222
8842
8468
173
6521
4544
5951
7735
5451
2102
3160
4983
1687
2021
1551
9445
6576
9424
3908
6243
2881
7167
2803
7354
3629
8983
4977
2855
4772
9866
3789
8350
495
7783
7643
4850
5800
8039
5978
8003
9863
2020
9677
9807
697
9901
655
3691
9285
2215
5913
1934
803
7029
7845
1746
9821
7836
347
6209
2703
5747
7336
2206
8244
7946
2327
7682
1014
3799
1698
3174
7796
1964
828
799
4084
2775
1536
900
5654
613
4231
3806
7367
8340
1582
8149
7052
3045
9177
2596
7762
3743
8815
824
5231
1160
589
6007
122
2128
9320
1242
7729
5349
2355
9068
9166
9027
6903
2071
6426
6785
7902
2005
4598
9523
4662
1123
4678
9901
6496
945
8582
3729
4689
4310
2770
9110
8218
6656
8931
3379
6243
4279
4896
5788
5526
4303
9981
7103
6408
9015
7672
3510
7852
341
8646
6385
5171
1209
1902
5086
5319
6950
4041
5207
2279
591
8602
3628
3816
7116
3796
8483
7416
2425
7634
5237
3208
3844
9616
4120
9994
4065
8741
7813
3794
9554
841
2342
6445
3214
6042
7618
1403
8912
7020
1469
2604
7691
3859
9227
3286
8542
8901
1825
8629
8779
1704
8040
2115
762
8551
8137
9484
4207
4238
7420
5000
5822
6593
5799
7479
5164
1174
4484
4709
2392
4661
6848
8500
8349
8045
1025
6246
4477
5602
8070
7412
9814
9420
4021
9823
415
8640
7832
8451
1744
2367
240
137
3544
6084
1489
4394
5190
3700
2012
8989
1476
6726
2518
8571
3231
5008
395
3834
9281
1665
9505
6690
7450
6367
3115
9698
8934
3595
4245
7169
523
7344
6248
6797
1606
1963
7300
1526
3079
910
6168
9081
3219
1634
6249
5586
7867
152
2375
5904
8029
1529
2511
8958
9204
1006
8967
1503
9653
7091
4833
2072
9097
7938
3827
341
5253
7901
6349
5817
2415
63
3780
466
6604
2035
3866
9368
1544
3900
7601
4448
7812
2885
6512
1089
7134
1386
3682
4045
2854
5440
1405
9918
8018
2232
771
6286
2620
8450
5562
6263
7477
2594
91
8287
2804
4258
9584
4697
5222
5690
3974
9022
6421
2973
5042
3791
5334
3440
3933
2618
157
3106
18
3174
1712
6363
1951
3580
9238
7729
3083
7375
2546
1672
9449
742
7099
2757
5584
758
5294
5574
1375
6301
4031
865
8059
9171
7659
5627
8137
3175
2866
3244
7021
1668
2268
3541
368
8961
8316
9644
7562
8739
820
7304
9644
1344
3512
1652
317
4671
2301
9416
9140
7945
1184
8008
3946
3431
4015
8770
1765
431
3048
7167
4410
1963
9035
9497
8368
9868
6713
2508
7741
1141
626
1114
396
8060
8373
7631
8783
9212
4853
3462
4222
7351
9052
2863
6169
4132
396
1359
3752
9263
3428
9254
8710
1180
6879
8336
1412
3413
3191
5146
5892
2457
1299
1325
6537
8728
1034
7234
4984
3715
5239
2821
5010
6157
8722
7452
6169
7368
8597
9250
9384
5995
416
3960
3801
4286
9013
4288
2622
1313
5384
5313
2116
8825
2244
3844
8359
545
7464
3249
2254
0
709
7819
1378
9614
154
3201
5872
9893
6113
2137
1759
3181
5498
803
3014
6723
6136
6123
8916
5264
8640
1241
738
9376
2483
5866
6859
3154
9406
5083
677
9425
8088
7259
9165
7454
8544
5567
4685
9578
1756
2725
4326
317
5694
7334
2679
3463
309
481
3266
9894
8874
5616
9780
6993
3476
4400
6535
2937
8649
6605
8151
2223
2125
6872
5001
4202
621
8646
9347
3872
5525
1924
4068
2400
4821
2928
4151
4722
1505
9838
8619
4947
6879
5789
9232
7811
1296
7372
8915
2536
7995
6527
3073
3239
8885
6312
9426
1670
193
7214
2570
9533
8168
6427
5771
6542
9465
7335
7071
2465
540
4528
6871
3207
1058
4014
5066
8954
6461
5607
5274
4143
4707
3130
6703
3232
9867
6619
110
6477
1883
5212
3369
3405
7018
9582
1162
2829
2364
9443
8878
1749
1720
1062
4415
6171
5092
5872
1832
2570
5898
881
673
3509
8980
2491
3304
5473
4671
4781
2292
2789
9924
8361
8996
1843
7463
9237
7547
4639
7039
3929
9158
2712
1983
5933
9281
1604
2343
4243
3331
6952
9158
8985
8977
7030
1070
6585
4940
5187
2278
7897
5883
2323
8195
9790
7972
8141
866
7057
7617
7199
4087
8373
5148
8556
4833
5332
9568
4696
5361
8365
5810
1153
5293
224
9743
3503
7761
2125
4495
6679
5140
1776
2743
3671
472
6435
8406
8724
3441
3609
5347
5206
8862
8971
6965
519
6422
1128
7924
4396
3927
2933
2062
5646
1664
7944
3645
4141
5075
5031
2503
3127
3832
1408
6846
5062
4505
9989
240
1599
8542
8598
7197
3608
1960
7039
624
4264
9615
9231
4378
53
3588
8179
6455
7181
5462
1562
2135
287
3209
8293
8590
6952
7506
5653
7320
586
7174
9617
6735
79
3560
3605
9345
4025
742
1466
9045
1502
4723
9290
4222
9841
9746
9416
9312
4027
4898
303
4549
6912
1180
2965
2776
1693
7692
7617
1749
7781
6626
4023
1836
3656
8201
244
8808
1012
6113
1162
6103
354
9066
8379
3289
4298
1762
3463
6357
5012
1622
4380
1192
3577
5936
8574
8868
7989
6075
4792
8078
8306
776
3312
927
6853
1134
4914
3765
4073
3217
5010
6880
6969
3727
6678
2886
8534
2114
8532
3538
7449
7235
3162
5395
2433
6509
2552
9747
2193
4272
168
2379
6831
5179
5927
4633
9325
2117
9593
5614
8377
9547
9417
3660
4564
3009
3728
4313
5768
4484
6922
3362
1211
9058
3039
6333
9051
5594
5659
8640
1744
7808
9932
8376
6247
892
7818
8665
762
6417
9507
9689
9122
8858
8089
7871
9532
8044
5202
836
7040
2188
2439
651
2172
5134
4865
3268
473
4320
8011
3774
2205
6136
2289
6518
6383
7361
5228
7463
938
6993
5256
9928
2997
7126
355
8652
7478
9226
1908
1416
7530
8029
2061
422
8310
823
3014
7562
8339
4449
378
5764
7521
1039
8605
3050
2948
4001
9200
5964
8498
9616
3519
3152
5250
7000
6892
5503
5297
588
7724
2800
1626
4361
2740
1840
1950
4060
6456
680
6361
2827
7111
9436
7772
9655
1295
3004
5175
4733
3345
5857
9442
6704
3547
6132
2375
5141
8730
2493
3865
2957
8990
4337
4355
6684
7000
3928
747
1762
1926
2799
914
9384
2711
2034
2225
2028
2186
2309
1834
7312
3498
5199
1876
2422
6085
6787
3848
7733
8573
1305
4657
7681
7748
1397
2234
1173
7840
106
7300
6780
5453
6656
8662
3199
6144
3358
4131
9306
4417
3349
112
1452
3735
2551
8381
9357
77
7286
5373
7963
6808
1408
9273
4198
4600
9593
4662
6148
2222
8821
7336
6503
3847
1877
6289
4603
739
6228
701
7487
5689
8176
1377
4962
1782
5630
7078
6929
6898
5818
91
1538
8044
4228
8125
5242
8251
6578
8184
5493
2884
8565
6507
9148
9090
9103
6178
4306
7133
6758
1309
828
7063
973
4556
1644
4581
274
1204
3110
153
1761
6653
5187
3503
4138
9156
6229
9626
3071
9507
2409
8029
5735
3548
2887
369
6075
3871
4018
2221
6127
5391
617
2762
6093
2953
8196
2690
6713
6895
5909
9368
292
1986
2199
2519
8217
7444
2960
291
7258
5621
5391
3729
8913
9636
2882
3685
6746
818
3465
925
314
920
1254
4418
9202
2551
7060
7434
4022
4683
5338
9267
9681
681
7405
7243
2060
4284
3583
9837
3805
7164
298
2919
3036
4702
2410
5106
8840
1285
8042
9273
4377
289
5913
484
556
3049
2608
4562
4574
9410
1814
4062
8611
3153
4045
5055
6120
7559
5347
7585
692
1304
6285
4881
7281
2518
5960
5934
2687
7923
2904
8161
6564
4828
7309
1582
4712
7195
834
1326
1808
6085
5804
3928
1736
7673
6731
8396
3327
8746
719
9320
404
5616
1097
229
3736
4794
5707
1367
2829
1234
7812
7399
1351
2682
5083
9613
5600
4958
417
5502
4389
8475
2655
8697
9884
710
5233
9277
406
7099
1561
2306
5384
8784
8589
8743
4242
8440
9230
8543
5039
9765
6093
6745
2242
7485
6410
6851
4764
7741
9544
3807
1513
3350
1035
2616
3005
479
9172
6106
2383
5208
7618
4311
6508
9144
5169
8154
9137
6848
2697
5513
8940
7051
9705
3075
6443
2599
6974
4395
1034
5
6614
3577
7526
1274
450
6102
2208
3682
3694
8566
9669
2279
5744
3724
3032
511
6325
9083
7653
9920
6567
7946
661
6576
1404
3161
6566
1879
230
4941
9039
5078
4664
7390
3633
261
2927
907
46
9780
8578
2291
2515
6070
4065
8881
1864
1793
222
5251
3608
9675
9358
7889
5185
2044
6336
3487
8202
9088
628
136
5085
6509
7867
8542
2845
6419
8255
1988
2408
2602
4651
361
4936
6511
7925
1763
8726
8812
6025
7538
5603
369
91
3776
891
5002
1711
359
400
30
7533
7341
1500
6245
4772
9040
1078
3858
8276
7175
5230
1150
6605
9807
3416
5583
9445
451
7849
8999
1142
3626
8634
9723
878
675
2852
5246
9153
6610
5023
2871
3245
1147
9311
2899
5427
2749
6222
590
2488
2885
9131
8157
5377
6831
406
136
3361
1347
2665
5120
5993
1754
1933
481
8720
7903
1608
6723
5390
8026
3218
4809
72
5186
7503
5657
2609
1520
7184
6466
7030
7714
857
6508
5793
6286
6321
495
2205
9833
7606
8690
9350
2553
938
8343
6877
9216
7159
3026
1635
7125
1934
4313
9843
618
9847
7140
3729
1006
8506
6432
179
6117
8619
1346
8930
2704
420
9466
2969
3738
4267
3729
7491
6477
3814
6918
7178
7278
5227
6117
1448
5060
7226
6641
7805
5468
3539
4202
2532
9713
9451
2419
8332
6147
1273
9072
9699
9477
3259
3537
8855
4005
7291
1405
5741
564
532
6048
9228
6724
1297
4195
9497
7702
5887
1256
6231
6225
6954
262
4686
7802
8983
4177
8449
7988
4735
869
6887
4471
5075
8772
9800
7114
6124
125
4035
1596
5436
8129
1097
2929
4335
5803
737
1264
4040
6133
5645
1702
7491
4641
6272
7811
6820
1604
5849
6438
6849
3915
4177
2116
7720
4642
4852
3806
994
7549
9312
7662
7662
9811
9980
306
7901
4819
1657
8713
5818
5625
179
3388
266
3629
9144
5900
1614
2689
5999
4515
29
1060
3255
7051
4097
5806
6258
7914
7674
8019
3676
7351
4478
985
6437
1510
1238
1779
6825
1352
4940
581
5147
4333
8821
3392
511
2419
7824
7772
3217
7041
9599
8829
7405
152
2613
2182
6566
2449
9391
1365
4686
9230
8667
2401
7320
5594
1346
9993
2528
5648
5112
4797
7260
8358
8412
6009
9186
6848
6355
115
4887
2837
8216
6354
3763
8034
8612
9150
4870
4190
2355
2853
6561
7271
559
4741
1417
1615
2323
5242
165
5595
1523
20
9951
7985
9567
2860
5352
8445
6885
6793
5979
4446
440
2484
2506
4810
2101
3180
5704
8488
3458
3119
3380
118
2845
1348
5871
6595
3565
2808
5342
6465
6933
7758
2044
2262
6714
9014
2140
3380
3055
8420
5409
4772
2445
6183
2715
9960
7670
6493
7672
9503
2797
3283
4535
6899
9954
8855
3980
2622
3161
5987
9761
9372
6648
3570
2089
2890
9804
6982
8997
8181
9058
9003
5359
1544
9309
560
9628
570
2514
6357
9102
6554
5839
9053
8063
2993
9785
6938
4572
9758
5604
3040
7002
5356
7675
3092
8440
4082
5349
8392
991
6429
8286
9643
874
2355
7592
106
9317
3855
2874
4861
5081
2456
9107
2213
3293
5873
6612
7220
2393
7476
943
9461
5168
2572
1308
258
25
4037
2220
6201
1251
8398
1434
7440
8383
4454
8396
94
6224
9009
8264
1333
6532
4711
2871
2427
9687
9203
712
3205
2180
9157
9277
7386
6169
9510
9411
9420
6633
4223
8052
7176
4430
6545
2555
5522
8229
3740
2139
8448
9279
9528
6204
2787
340
9299
3327
4110
9184
9297
5381
9950
8006
7529
4525
2795
758
3399
380
2541
4381
2093
5925
4471
2550
3972
8177
397
7436
4366
4099
1516
1494
5071
3139
3515
356
5832
5548
9248
8133
9553
7000
3874
6342
1615
7244
2723
57
6552
3560
7117
1860
6702
7261
9678
3248
1922
4025
9097
1577
7272
6740
6577
5114
1379
1237
5608
6538
5076
6933
3314
1899
1476
5607
9454
3782
5191
8196
4737
455
5159
7335
9601
7490
5220
5349
7405
912
1887
7170
1655
724
211
6077
7062
5278
2029
6125
7280
6685
883
3309
1679
3254
4805
9873
7466
9611
2429
1817
1189
5662
1689
438
7967
4164
6148
4075
9147
4584
1984
1051
6641
8909
9947
2534
2341
1948
3096
3169
5552
545
3817
7380
2982
7241
433
6312
2931
7077
3942
1103
9557
282
7413
1349
1126
3110
5718
3923
8821
21
8169
3546
6211
886
8968
7569
8542
5257
2434
6041
1801
2364
8615
4148
8459
7092
9000
7087
6265
9797
5501
6140
1207
2768
9770
1800
371
6679
9271
1588
6755
4457
9456
9798
9785
8358
2941
4220
4793
7126
7968
6644
5912
8916
3663
9145
8071
2461
8778
2078
6223
3564
9415
4662
5668
512
7334
5622
6613
5100
3462
4291
1984
3802
7058
3531
3757
2475
5908
5634
6832
3281
9621
6042
1245
7443
3610
3944
8478
5769
7624
9803
3253
5222
7064
3367
2749
8073
9363
2997
1064
2704
1655
1974
433
1134
8119
8504
8828
9068
7400
8819
1985
8095
6144
2320
3959
8531
9286
625
7107
2973
2750
3499
2478
3475
8101
686
4587
9297
6267
5177
1660
9128
5713
4623
6042
2006
5883
2270
4794
8479
3661
2087
332
3235
975
3487
3770
1617
5222
7190
2753
6075
9182
2263
1985
1450
1074
6120
8602
1135
8324
989
419
8093
5846
6496
5153
6898
1098
8512
6672
7339
1711
6200
2226
720
4096
7364
7893
3709
8036
5026
18
2866
5749
5542
1354
9830
3081
550
8877
2660
4510
7501
8586
4734
2692
484
9047
1122
7632
4611
2515
3211
2296
1048
5119
5009
2449
9384
2071
6712
4640
5502
4559
3372
9057
6419
5880
2953
2661
3305
1984
7847
3576
8187
155
9010
9272
7148
4207
2915
6851
2008
9920
523
8736
7470
1422
8172
8828
9396
3125
8406
8899
7211
9999
8559
6963
6109
5904
8228
5691
2973
4360
4592
6581
5860
3450
979
9551
4961
1077
2098
4421
5808
3933
646
6373
4738
2175
8961
1158
7107
9198
2158
4530
1021
4950
1203
1269
8583
1353
2653
3428
3041
191
7982
8831
5695
8762
4464
9681
7087
295
6163
6717
7852
8008
206
6522
7794
9251
1852
4917
9031
7385
4108
5122
7812
943
3091
5438
6013
7150
4762
535
2019
7877
4888
7409
7845
142
2791
8486
8403
3425
8486
8068
8404
4570
9845
3088
8536
1810
2231
7939
1831
180
8350
3743
8861
7860
2266
8503
3642
9076
460
5473
7220
9094
7816
9179
920
1192
4005
4997
8193
6428
1087
1164
4508
5469
2508
3351
4570
8735
7522
7355
8286
8506
6322
176
522
5216
17
1725
6223
3405
2882
2874
5397
8284
743
7007
7001
8419
4254
6690
2871
2359
5449
8371
4752
2115
8918
8914
1981
2694
9535
5414
2961
2240
1965
8870
3033
3891
3260
586
4603
9214
9556
5484
1860
3734
5733
9881
2174
2078
3274
2901
1411
5763
4878
9647
6851
6019
5857
550
1593
512
4570
2467
9935
2356
8394
1943
8600
5404
3650
1184
4287
1852
7291
7190
7142
4006
6541
3993
315
7920
5787
7704
884
7605
3356
1427
9462
5606
4178
2127
7539
2915
3312
9743
7728
8814
9444
6836
9479
302
7219
6277
5580
7184
8694
8263
2157
9043
1681
1489
1374
656
8128
3650
5133
7249
5475
9996
4155
9294
7475
1920
8563
5046
2866
7730
2589
8846
3004
2303
7948
7376
8667
1455
4383
1395
8871
3321
3241
8637
7561
2231
1919
1439
296
6475
5456
7307
6936
1045
9841
8366
7288
3127
5260
9820
763
3638
1551
5146
4529
8347
7179
6051
8353
1980
8338
4369
2042
6225
7302
4490
3780
6129
6717
816
6586
9787
2372
2419
9805
4595
4490
2400
2671
1725
7105
6266
9461
2190
7424
448
3304
8120
4220
7989
5166
4521
2301
2654
7722
2786
7738
7410
5086
900
6875
1847
6315
1618
3295
7279
9170
382
9209
5427
8229
2662
6198
3176
4108
5109
4462
2439
1322
437
7575
4242
9088
2177
9918
1119
9569
6695
4120
925
6677
7724
9720
1727
2149
8554
6569
6037
7701
9023
4022
1741
3382
5541
2674
1601
6793
2586
1083
6034
9590
8502
8491
2801
461
1756
8437
1829
2443
7210
1586
2203
5660
917
534
1865
7708
8601
2236
4973
4314
4035
8714
5111
3741
5846
1079
8558
4040
3588
2574
5447
9398
3152
521
5230
9799
3686
1780
1866
3531
5246
3158
6416
8434
3389
5403
1444
4344
8192
4021
8295
6671
6878
4194
5119
2374
4343
327
8594
6442
9755
6342
2423
1038
1672
5514
8686
9578
6154
9024
3977
8592
9794
8285
2305
3860
9549
9601
44
301
7126
856
4405
7392
4453
5966
101
4634
1022
939
791
1399
9631
8972
3528
6189
2283
6865
1887
6793
4013
8436
9834
9775
2510
6942
3273
8592
5481
5668
2997
7068
7611
5237
8559
8222
8479
7916
3744
8737
3789
902
8751
659
3589
3677
2955
3487
8297
5749
1197
5235
6495
3610
1009
67
7478
9666
8442
2191
8748
380
9326
1525
5816
2226
8275
1382
7213
2594
7192
6736
9190
938
5752
969
9900
2301
833
8606
4829
9985
2075
3023
8484
596
6650
4481
3593
7694
3984
4082
8856
4609
4095
6863
9423
2836
8659
7866
6463
6920
9272
9170
510
8773
1572
5202
7698
2371
2207
1718
2244
2901
3752
6802
5198
3939
6859
7338
3096
1781
6962
243
505
4815
3242
2344
1958
1955
302
3811
5521
3011
1904
1219
620
1791
1730
1158
2510
3839
3162
8497
5939
5795
2214
3287
4951
3145
1606
1810
2169
2423
1111
5301
7948
3631
4866
4340
7732
5913
7211
2542
8357
2008
591
3475
2749
1027
7354
337
8996
3170
8851
9504
5180
38
1470
9051
1571
2236
4131
1581
8938
6275
5305
4949
1305
7762
1505
3767
7570
3688
6659
6241
2103
9937
1355
848
2424
2337
8205
7707
7543
8616
4355
7191
3607
2967
6594
3186
7605
9938
2180
5217
9726
5764
6212
8933
7066
6337
4378
9038
2124
2936
1546
9543
387
8423
7032
9042
1370
3635
2090
4798
4765
8019
4380
1134
74
3833
5283
4170
8634
6714
1152
9988
1717
8553
1486
9712
541
4021
7377
8481
9826
7999
9975
3092
4625
7401
7453
7202
7330
3184
6809
5115
4790
5496
9432
7365
1984
8502
3332
2578
898
5592
3405
1420
3035
7996
5363
8190
3475
3413
4278
1290
3867
10
2937
1106
2753
5530
4542
4818
6909
3161
2128
565
4984
1132
7092
7099
4622
2760
7230
7360
5579
3306
4665
2308
4210
3882
5301
955
5666
16
3829
1483
694
5798
6543
1314
7990
5890
9183
1013
8249
4974
1804
3346
3827
8676
1256
9883
9458
5253
9287
2289
631
5702
6202
7155
4833
9886
9349
6869
8173
4812
3526
3584
7774
9559
6238
3529
3417
7515
5648
3131
5298
5718
516
8414
7788
549
5137
2411
5893
4508
7692
1465
3624
1006
6492
4551
7960
6561
3458
2912
371
3432
1241
6682
2809
1264
6418
9026
8784
812
9487
869
4746
9956
1232
4578
102
5425
7142
5265
8300
5313
6331
1933
3996
6394
1187
9296
7515
5672
5154
1439
5417
5678
5213
7254
4531
9268
3452
7682
927
6570
4197
9245
4896
8815
4085
2897
3765
1323
3504
4247
7218
7860
3132
3575
8309
1750
8632
954
1702
5152
7348
9641
8942
6489
4764
3678
402
7187
594
3586
1573
4061
3051
945
194
8332
2115
3908
5321
2179
2746
7369
7820
4729
7094
7924
1401
9336
7430
3818
1872
723
7635
922
4707
5097
2760
4657
1494
7575
7745
9647
7293
8358
6686
4393
4822
6220
6747
8473
5925
2418
220
7177
8005
8716
2292
945
4328
2911
5195
8386
9459
3446
1904
9848
3298
3357
1682
5945
9357
9777
7795
7656
9521
3250
1477
7727
8232
6540
1751
1081
5454
4798
1180
5220
9069
4461
4806
654
5889
7679
4265
4535
4242
2330
5396
7055
9239
299
2610
8454
210
5304
7882
1509
1636
3433
13
827
898
6866
5100
9543
439
6855
4464
7745
2190
9229
2558
3019
3483
6471
7485
2822
349
8230
3048
2525
4947
8008
7582
2821
5479
6804
8665
1388
5778
9129
4534
1328
5888
7024
5189
5472
1069
1711
4820
338
8092
9460
9348
4142
4189
6357
5387
8041
5003
7018
5327
5974
3370
5479
3816
8569
8711
4795
7654
8836
1719
5227
3301
372
568
5589
2171
6983
8707
6104
2466
3982
3649
3197
3038
9995
5978
2830
6763
6434
5534
9742
4709
3001
8922
7988
5177
1189
7444
9201
1982
1866
7912
3086
4630
6263
9474
5471
6376
4846
9445
2432
2113
6434
2800
5996
6660
3075
3348
5656
744
9931
3091
3346
7881
9744
2893
4324
7783
4721
6503
8253
1553
818
9808
3310
6757
1318
8234
1972
2717
2347
9651
9757
2426
987
2952
98
7402
2443
8563
9677
5022
6827
4779
153
8907
2931
165
651
8089
9247
5002
3194
3546
501
1378
9391
7813
4628
7568
711
8277
5041
4600
809
4789
8605
8791
6317
4546
9311
3769
858
6294
9461
1298
5313
2895
1008
8338
1396
281
2134
5559
9711
32
9334
214
2676
2176
4426
3911
2442
5269
4275
7734
3559
945
2539
5070
224
1100
254
6474
5152
6226
4830
6510
1519
5206
4968
1468
3114
2544
1068
2683
5897
6768
6397
4759
6426
4610
295
921
6134
8823
9183
5029
2731
1867
2266
1581
6409
7285
3454
5195
7044
1195
4470
5895
5579
4310
9924
5393
8828
7034
8477
2518
110
4269
575
8573
1559
7180
9678
6395
4059
7289
492
5190
794
359
7278
6934
8830
2615
8821
2409
6048
9463
6292
2158
5263
606
7789
8111
936
4703
9087
8944
7061
2758
2393
5019
9951
6351
4082
7106
7821
4515
6553
8592
3627
8957
2417
5700
5214
7929
1682
5639
8838
2031
6464
3843
1980
977
3889
5812
9213
8040
5123
6986
5131
5843
393
9102
3416
9036
4447
9711
7613
1625
4690
514
672
7469
2491
100
1876
9593
2240
2168
2000
9367
2852
9829
5614
4445
6917
4608
9060
845
3756
2902
1669
8382
5130
415
9606
996
3615
2476
9347
1275
5255
6339
2283
553
8627
6210
7998
3275
7712
3247
3375
4987
4939
352
7741
7408
5916
5922
6207
9762
910
7741
5494
7272
8956
9953
3059
2961
628
8466
2116
7872
1037
9704
9367
9786
9956
2896
1785
6877
2783
9886
1370
8461
824
7154
8626
7864
1670
7479
2341
5505
125
5011
1555
3431
8060
9869
5707
4187
5877
7492
428
7744
4252
6966
3105
8664
8681
1520
8005
9342
5734
8987
6236
315
9057
5077
1399
6916
8154
2893
3753
1906
4593
9784
3479
5124
8657
6645
6790
7289
1281
4462
8328
4412
9589
1300
1901
7799
9037
5868
8028
9101
202
196
5487
5069
1912
1918
2100
1289
592
8283
1631
9573
8064
3824
7378
1478
1928
766
2025
222
4545
5294
8062
9668
7024
9081
606
1246
1529
3097
1501
6903
5471
661
8329
1066
5693
5445
2140
2293
144
8754
5290
7545
8945
7274
8464
9183
1430
8534
6621
3198
6496
4381
6459
9848
5835
6465
1919
7237
8592
4114
6507
100
2233
2616
1590
4147
6084
3669
8416
1596
3730
7720
7469
5768
7576
1594
8125
6991
4972
5337
9678
8424
8575
6375
9091
7768
3644
1107
4658
566
3596
4069
2953
6869
9237
3325
9518
1971
6385
6063
4775
2694
5984
8215
6100
9271
2308
2184
4223
3136
9392
893
2132
779
3618
9251
4702
7017
8553
8042
1828
6794
1753
2337
9688
4282
4486
9096
1557
4227
2442
920
79
8253
4976
6750
2346
7848
8073
1912
9225
1601
5345
5005
526
4763
6694
3135
1213
221
8190
1722
7303
3200
574
7546
289
733
6779
4184
6908
8590
1105
9661
5070
6296
4318
9811
2271
6278
9161
8890
3185
5676
2038
5509
547
7829
7535
9174
2655
7928
3996
2452
6843
3736
4143
5391
2277
3540
3511
5868
8812
7238
525
2622
2878
1058
2824
5499
6313
3294
516
3953
3416
9690
586
2666
890
3722
2504
4386
6076
7658
7011
3037
6497
4883
3514
9461
5410
8527
5321
8284
64
3444
7125
2992
3618
1590
921
7417
1842
9920
2542
9474
6748
3245
8674
431
6193
3398
3025
7047
7074
1943
6171
3947
2604
1975
4457
8124
5741
7247
5787
3749
679
6002
4435
3026
9304
5598
8391
202
4699
1817
8105
3557
2869
2123
2328
3930
2637
3214
6839
5885
7793
1153
1103
2852
917
6706
9068
7789
632
6882
3698
6972
7481
75
8927
6420
1668
1792
7294
9772
2391
8297
5288
4413
2510
3566
3102
7434
2691
2116
3919
6965
7481
2661
736
827
8039
9212
8539
7296
9336
2904
804
9699
1542
9360
3670
9203
742
2883
930
4181
5188
3676
6680
7153
9273
7451
3700
4864
2266
316
9634
2898
7005
1276
9946
2683
7482
6954
9343
4442
5621
1479
4886
7792
4964
8366
6631
5271
1185
8632
5123
5542
4411
5308
7244
3370
4603
9204
1298
1502
4480
6195
8069
367
6432
3322
8117
1746
8995
3987
6813
2379
8700
2656
907
924
2712
7794
2183
4106
522
3918
5151
6579
5448
6997
5134
6129
4007
2063
9133
7130
5700
2950
9457
385
1109
3575
8967
4037
7487
2493
5648
5550
4266
652
4003
2914
38
9566
8792
372
9547
6151
3257
9412
6112
3246
9122
3349
9378
2322
7991
5156
4994
9790
2132
3196
1211
3187
9376
8511
8935
2906
7220
284
8517
3876
7623
8673
3176
9364
8473
6288
9068
2055
3155
9786
9325
6185
831
3058
5462
2513
7810
9750
9458
7102
4084
520
4572
9108
7379
6433
8161
5313
626
5821
8996
5853
3848
1130
8627
3149
2396
1386
7031
4513
8108
2492
3173
6038
7504
8469
5284
9451
9335
4032
7030
2570
122
3032
468
9967
7473
5738
1525
8202
1570
3838
7833
2083
8363
1076
3182
5402
4229
3299
8439
2074
3306
251
3263
5965
2980
6342
492
8484
6942
7418
3415
5551
9536
5456
2822
708
4616
3150
7904
4518
3194
5452
3252
2123
3579
1457
4165
6822
3367
8720
2729
9064
2914
7860
855
1491
8929
8043
5628
3006
6955
7867
5994
7005
164
9765
1572
9208
5538
8332
9236
1378
7968
4576
2409
8981
2461
9805
1818
8391
6473
5725
8851
8450
8720
4432
8514
3001
9738
4010
4413
140
3752
8026
3400
6185
7705
7673
757
4062
3020
809
9796
4768
7782
63
2862
1053
9571
5367
1863
4638
4552
4245
1314
736
5004
679
4209
5076
1442
8407
2781
7768
7934
9132
604
9013
4316
5872
1174
5706
8022
2448
3451
9907
8336
1077
999
7912
5522
3677
8452
6471
510
3008
2973
7264
5622
2937
6266
7818
9593
2070
2352
8337
5890
7777
1244
5708
8283
9334
8548
971
6608
7472
9692
3598
4915
5632
4129
73
7087
3965
9093
2576
101
5312
5848
6471
3945
6363
3471
5445
2495
443
9046
2716
2466
4654
2434
1742
9146
2677
6787
6799
7447
1265
1707
9013
5132
8558
9605
7505
9497
7561
2863
4072
3210
4471
6056
5219
3767
8107
9505
8257
1177
1776
7262
9198
5254
5650
4211
5158
2252
7529
6968
1308
1800
7713
8770
4669
5008
2278
1018
5637
7791
7182
7494
4099
8962
6896
3148
263
2006
7388
4557
2543
9034
5585
3758
5214
6827
8584
4583
6998
8414
1234
748
4369
5204
1594
9257
3735
7503
3021
5095
1160
2175
7127
6549
9698
1372
4604
5992
1995
3194
7408
8672
7130
9257
4841
1319
4725
6066
8987
7755
1388
9012
10
3034
8506
6652
6074
6611
748
921
1179
350
6259
2528
6483
3814
5855
1133
7800
664
2233
5620
1474
4644
8979
3519
9728
7547
3268
2774
3465
1515
1333
183
5741
6993
3241
2660
1596
3691
3735
6588
4532
3080
4411
4827
8260
4971
6401
7990
4260
3422
4239
3084
5266
9881
826
4088
6689
9751
4035
7445
777
2660
6905
4988
4669
461
4013
4397
7357
9856
426
4816
5255
1119
9562
7604
2462
9664
2341
3091
4166
7394
3044
5116
6050
3462
2859
2490
5101
2934
8645
99
3623
2359
7985
7600
9248
5468
3857
8570
4969
5952
4402
1398
8899
313
3170
6604
5471
3580
2165
7502
1240
7367
1050
1304
8004
4056
8300
3753
9580
7407
8280
3385
1675
6974
2257
221
3599
8640
6243
5349
6226
6830
957
1956
8229
2404
6731
5628
4478
4922
3116
1370
262
3824
6793
3115
2917
7307
6396
5472
8600
4660
8178
9799
6318
7813
270
1279
8964
3082
2652
4181
2006
4477
2419
4173
4179
4921
9610
3346
3724
7206
8580
288
9574
6307
4395
1667
1452
9651
4725
6824
1105
9468
1530
334
8001
5804
2279
8364
7659
5745
2857
6860
8931
5949
1651
4955
8346
5957
7108
1572
4717
4929
3479
309
4370
2771
5537
4050
6170
1504
6023
2943
9433
5361
2112
3432
4028
3853
468
9337
8797
5693
1032
826
8952
9414
6272
3182
5972
9154
1056
3391
7597
1979
4731
6305
4685
7753
7372
7959
9970
511
7643
1891
9202
8219
1924
7943
8457
4217
9072
5165
2952
5441
6218
1519
6825
6649
5995
9163
1050
2373
8561
4014
2755
4369
255
7728
3963
2467
4889
4446
3055
3040
1189
4090
4318
530
8417
7515
7869
1139
2292
856
5476
6118
2290
6112
1629
951
7734
6813
4974
7914
2522
1969
9344
3499
6354
9697
6758
7196
8952
1637
8972
3010
5900
4979
2001
9683
6545
7758
7974
2749
7173
9462
5586
5400
156
3242
1906
8259
9801
4188
6288
8718
3169
8464
7303
6483
9200
4246
4411
9431
3576
1839
133
3327
9067
3204
376
6349
2615
1732
9556
2795
9233
3951
1042
9103
9844
6872
2864
8553
2067
489
2847
9436
8553
9142
3817
9404
5634
9130
8805
4004
5590
679
7617
2583
3252
7086
4458
8476
6226
5175
324
5492
333
4547
547
4693
7602
6483
8621
9788
418
7319
8153
4327
1334
7702
2801
435
3292
7818
5504
5464
6055
3415
9563
8924
8876
4517
886
295
8386
3825
4373
6411
1534
7314
2846
1274
3008
9069
9907
9436
1498
9966
8510
4871
515
9226
5341
1158
7477
6871
4140
3158
6195
3828
305
1602
1032
1251
446
6944
3302
745
7299
8324
3692
4751
7152
6581
3003
8202
7529
5687
3662
5877
138
4856
4763
6312
8552
4796
7899
5126
3786
1683
7163
5872
3614
42
5706
2853
1874
3430
5422
2135
815
652
5995
5354
299
8328
3450
2735
760
4044
6131
2331
9962
8767
7654
714
1880
1292
7930
6068
4958
5233
1414
6723
2811
8450
5684
1192
9741
685
9398
6565
1808
3726
2325
376
4069
8888
1094
9755
186
3114
3463
4268
239
3013
5775
5558
8736
1931
7643
9689
4667
4259
6019
5668
1215
9421
4336
7819
841
5994
3963
8996
9425
7712
4251
1042
7402
9346
5748
3640
9875
2661
9649
2087
921
5098
7811
138
1447
4011
3175
1900
1051
6273
1235
3965
3804
8199
4953
2737
1349
133
9510
9606
6811
3348
7375
8967
533
5916
9821
627
2729
8815
9113
3554
4902
5739
5092
6232
9540
4947
7494
1744
1546
6000
7285
5072
9475
9226
128
323
5003
8817
1961
926
6224
6272
9457
1714
5197
5971
5079
9116
9783
4624
91
3410
851
3924
557
1118
36
1448
6036
6618
5152
167
7383
6500
2542
1559
5702
8446
4156
1827
3917
1881
1093
333
8116
5192
5403
2474
5972
5875
4441
4736
4430
3122
5590
2982
6571
2262
4342
2409
7849
390
8123
211
2164
5887
1043
5482
4964
1236
3446
9881
83
845
9954
8403
2197
4062
4396
9898
9210
4988
2302
2743
3005
1756
8586
8776
8415
7248
2833
1637
4192
1717
4265
3100
7971
1347
9882
4730
233
7292
8931
4926
1986
339
6212
8979
3149
4845
7671
6091
5627
9893
5985
3343
2362
6358
113
4861
4596
6301
5656
4371
6346
8352
8753
3135
3012
3852
9780
256
4187
5055
2734
8750
8095
5709
8102
5777
366
6841
408
2113
4632
1120
4291
5954
5633
4890
930
5936
1238
5299
1896
7860
9690
9101
294
3564
6410
1970
4070
1973
429
9264
5867
8821
6549
1103
3951
6659
8219
5144
2956
8580
1286
9642
1049
8142
499
4261
2261
5300
8576
638
5128
6814
278
4651
1570
6787
6998
7964
6217
820
9894
4313
3521
7249
4478
6478
1028
6341
3116
6373
3254
3769
6857
5736
5837
1674
5810
3722
7276
3789
3329
853
6150
7180
305
3409
9358
1168
1592
3594
3882
4265
5593
2988
2297
5421
3289
4226
9160
9251
592
8031
417
6366
8335
2275
9841
4292
2189
1140
1033
2063
8264
4237
9954
973
9436
4314
589
5179
7116
4511
8515
9917
889
135
8887
2923
4819
3929
1442
9128
9586
9420
6044
7027
6846
2381
7342
6749
1454
364
1054
7225
7339
1169
4251
3763
7226
3684
431
8069
5937
6934
7317
8995
3672
3265
8277
9757
714
7882
2832
2524
1715
1146
2207
5880
6120
1097
3024
3780
5464
6821
3870
4062
3278
6988
9793
4633
8095
5070
771
1775
2949
4572
8909
2893
4325
3734
2229
5520
1217
1693
2568
3710
635
4190
6709
1854
6276
2957
3582
4005
4467
4584
8299
4840
5148
5998
9920
9531
5284
9208
1093
8096
1439
2243
2385
4611
4383
880
4076
5396
8238
4839
1750
8193
489
6855
2332
1668
5554
8672
7443
6178
7224
7228
5365
6238
2686
3452
8778
813
2369
6527
7970
9470
7116
9114
2411
856
7533
8401
8070
9290
9383
8713
7097
5757
7017
1903
504
3931
3939
6456
3372
1356
341
9017
6595
2269
998
3839
3239
166
4282
5090
1416
482
1471
8233
4513
7709
2483
7512
7960
1211
681
3783
2952
4664
2027
1403
4166
6064
6142
4071
1866
9163
1782
1069
2249
9927
607
7785
2725
6879
1361
4877
1925
9570
4113
2997
9732
6321
1124
5434
733
1643
7389
7342
8115
9476
8355
3542
3794
8555
1934
7720
8001
1622
4209
3331
2914
2504
7367
3457
5652
6418
3538
3656
4113
3242
2222
3511
8294
605
4755
2860
7180
2893
388
9819
9307
3576
9295
4088
9128
8324
4324
7341
4251
8219
2667
1116
3703
2996
6745
8026
6239
3138
4846
6220
355
9265
2855
3028
7912
521
5219
229
3266
5750
3641
1395
9478
5638
570
6979
984
4150
6415
1957
2122
3057
296
3766
2439
884
8685
2008
6101
3401
1617
1791
1913
9014
4200
4830
2537
3888
2291
8893
9631
4680
8675
7841
9310
2368
7379
6788
3082
3055
4951
385
77
9279
2421
7446
5527
2125
3353
8400
1186
7173
3443
8167
5342
2667
8210
8708
8162
372
8658
9214
3346
5911
3972
3533
2206
7520
9881
8181
6510
2754
5333
2224
957
9990
1372
5621
2815
987
3549
4896
3073
3836
942
5499
9397
2538
8411
6170
6143
9011
5049
9763
4340
782
5815
3535
1516
3235
9289
4365
8708
3522
9492
9990
6247
7065
106
7369
8144
1805
2670
3471
7431
1578
3109
8668
4937
9977
965
6046
2536
206
9238
6598
6107
9484
993
1089
3021
5741
8621
1067
3656
7102
597
7260
2327
4101
9569
399
9691
4918
4887
5034
5527
4272
3350
4412
9645
5344
9554
1403
2682
1253
7002
35
4648
7342
2675
8721
2306
7827
2766
3871
8782
6652
1297
3730
3079
7153
8118
1181
5739
5220
7337
131
4165
4672
1788
1745
4387
1592
4466
8982
511
9914
9434
5
1706
1962
1480
7522
4753
3621
5164
1159
9035
1230
1445
7816
2425
5979
9370
1180
6022
6068
9903
241
1343
4770
9773
9016
8248
9501
5481
8840
4078
9950
696
4097
2046
3280
1071
1937
2616
5448
829
2349
7615
407
6938
4293
1041
8925
578
9180
9808
8857
478
6479
6964
208
2446
4845
1668
6158
4855
2128
2429
9574
3645
1371
7780
8870
1125
3885
810
9528
5974
9725
702
3886
3267
3129
9026
4307
7355
9508
4581
2715
5395
738
1158
6966
7492
5068
1687
3650
3623
7059
2638
3818
8956
503
7313
2466
3072
9347
1221
2710
4281
6541
2910
8119
6215
6181
3087
7783
2219
3114
6637
676
2479
2769
9446
7437
7691
4217
5553
507
2884
5204
6232
2162
2407
9012
2615
2791
1622
7856
1338
1294
8688
2218
1364
8813
7715
1926
4694
4598
3872
2434
1745
6632
6088
3649
7798
5863
5423
699
8157
3837
6209
489
3723
190
2855
4543
9232
8495
6227
7086
9375
5996
9179
3534
5266
6784
3092
1622
4355
7283
5584
3080
3763
9361
2965
7302
3977
1522
3123
2714
1470
5496
9540
2942
2386
4126
5164
3082
9271
3596
7100
3540
3131
2484
9568
936
3377
945
7198
5952
9830
3658
4968
987
2473
4789
2908
825
7862
5015
3842
8933
2065
9531
5975
1118
4959
9516
1309
6914
9759
3430
6361
7042
5049
9125
6162
9999
479
3565
2232
8943
5722
655
4284
655
3660
4099
7313
2241
5427
1572
7186
6158
3137
4665
8385
5551
5945
4495
9986
8636
9287
5994
9157
5416
3772
2568
3182
4825
4003
3924
2847
6964
5286
4603
7662
2704
7364
5069
28
9566
2917
9235
492
685
546
2654
5577
7589
1153
7419
5676
3370
6160
7944
6655
2530
4573
9689
755
6038
7213
2452
5227
2480
9586
3228
2790
8807
5314
4720
8549
3472
1986
2116
4245
142
8581
8919
6254
5484
3411
4717
8732
4832
1466
9822
6327
607
9700
6096
3890
8833
1583
9893
3011
5798
8189
5965
6702
9296
9486
5511
1387
9526
945
1989
9779
7783
5122
9927
7313
6608
5674
3477
5026
9364
2599
433
7958
2941
4996
3346
390
3793
7335
9654
2011
3451
5585
4725
7344
963
4622
534
81
635
148
510
2571
267
1587
8401
6514
2139
7807
9603
8363
586
6417
9114
904
2934
7800
4191
9482
8117
5954
8270
2384
2479
2962
2378
9152
5051
6779
263
2769
9509
6687
1993
3969
6412
4552
4560
8790
161
3215
3128
4016
3770
4407
5273
1211
2984
8529
3960
8849
6756
7809
9561
5108
4715
5798
3083
85
7094
8080
3500
9518
2744
8280
1109
1147
6604
7370
5776
8026
1750
9626
5464
9419
5081
1678
287
254
7543
6991
6775
5731
5755
7623
9095
8087
4799
2900
9248
1742
5215
7847
2846
3898
2039
626
6343
1079
1022
2196
8839
50
2731
1462
6490
2433
4342
2215
9441
3642
8711
1973
5852
8474
5147
1414
8093
3498
3254
8483
1475
4954
9401
436
7256
8074
2687
4775
4193
3971
5782
14
997
9024
7893
3905
5231
8991
9067
9940
9673
3729
2039
8811
2187
7005
9593
4852
6615
591
1373
5068
1275
8539
3049
4942
215
4898
2444
3048
7855
5297
5598
5305
9309
8901
2020
9162
8333
1423
9614
9623
4800
354
1079
6261
1734
1785
6277
9934
3375
1509
4265
7742
6822
1129
330
7849
9916
6659
7370
6828
2743
1415
9055
4280
7611
8724
5370
2164
3991
6006
4445
2894
465
7168
7871
9476
1493
3231
8787
8631
7629
1303
429
9619
3868
9206
7729
5584
703
6004
1198
8407
3246
1843
1090
5976
3840
4280
535
7172
8604
7554
9564
3010
7265
7565
8569
5308
8811
5440
8393
3643
1657
6926
5500
882
5141
4669
9239
423
4021
3435
4571
7780
9733
4857
8555
4221
6352
358
2040
7323
2221
2095
9550
1541
1012
9613
3890
3016
9351
4266
1235
6140
7558
9151
4704
8857
5416
2999
1892
7859
6173
7528
7072
7348
3335
5500
598
4468
7148
3471
2390
5218
6355
6229
3158
5301
9711
1899
863
4925
2514
456
8512
1783
5133
6724
7032
250
6605
1609
2988
3247
7294
8518
7033
4268
9000
8916
8725
1511
2519
3207
5146
7020
4622
7713
3541
6440
2901
6847
3356
6759
8644
8992
319
2915
5314
5203
2447
3624
1188
3440
8621
4205
8524
1404
1196
2862
2532
8523
188
4673
7272
1078
9776
7977
4162
9999
6929
827
9934
3736
4219
8362
2895
478
4116
4738
2747
3123
6308
1154
4381
523
9243
8138
4453
3653
5099
9275
4450
3246
8087
4828
8229
4741
8122
2000
2761
8616
7518
2468
5532
8469
9793
6167
9939
9593
6961
9490
1858
892
8055
1907
9488
7942
3171
3326
860
8060
3626
8952
9660
5626
2276
8332
9744
916
9912
9179
7004
7814
4732
736
3883
7308
7388
6825
1214
2221
9881
2328
8834
448
2978
6481
5809
1060
1497
5365
9024
529
6395
969
4937
7803
5720
2238
4686
2159
5193
4762
8989
4411
4686
606
625
1195
8911
7435
3632
7724
830
3994
5751
3588
166
11
3872
9169
2769
6537
818
5481
1190
2972
8188
1526
2765
2442
2415
4981
3380
7111
9088
8692
5173
7824
2498
7072
4423
8852
1413
9047
490
2258
4087
7784
6432
974
4792
8086
4595
5169
7243
7858
3766
1640
7610
3560
8052
1657
2694
76
1942
6935
1298
721
3156
7728
4350
5798
9460
3764
6074
469
5100
1354
4618
1026
9151
3391
5239
7853
5504
5936
2885
3765
9324
2470
1665
8850
623
381
722
4193
6404
2188
9384
1824
4111
1841
3421
124
4509
2154
1103
9226
4153
5880
533
3626
1928
6293
952
447
481
9235
2340
7166
5682
5825
9399
4196
8747
1904
3519
6547
6599
6085
5277
3460
9915
3737
9638
6915
3401
2601
9031
7529
2233
2935
5262
5360
2030
5365
940
8344
4685
4832
9896
4322
1898
6936
9481
10000
4111
8314
6355
3758
2579
7843
5709
7130
2775
784
9958
5554
1018
2508
515
6607
5526
252
3520
5536
330
247
1010
4385
5280
8715
3775
9387
3677
1424
1157
9635
5465
9901
1437
3436
9424
8927
3591
5042
4668
2859
5485
6871
1061
4161
2340
1052
6829
7203
8906
1213
9778
6999
8530
3068
8485
7376
1503
6475
8379
7576
2529
5009
648
6699
6405
7088
3596
5974
1875
2022
4352
1642
8102
7084
9757
4023
5013
9506
8904
935
3160
3408
4803
812
4507
7641
6301
4033
23
6299
6254
7770
3883
1385
4087
7373
6686
8716
3698
141
8741
9179
1107
3164
5089
8099
5059
5976
9981
9500
5060
7511
9439
9120
3327
5381
477
7923
5456
9057
7106
6423
9236
9180
497
8377
9502
2148
7293
18
1151
1335
7659
3265
5717
76
9882
4054
451
2683
9158
7529
2586
7719
7448
9351
824
6112
3727
1580
2866
568
8168
9793
6406
4861
7823
8293
729
8337
7763
3527
332
6897
3991
5822
1753
7925
2271
5385
5056
6799
7302
7030
7967
445
1318
7975
8477
3176
881
9126
2977
1348
8512
5256
1256
3058
8420
6808
4333
5021
154
5289
8797
2985
7450
5150
4258
6459
8514
1697
9379
2036
2086
4908
4528
1509
3227
9113
6594
3021
9331
7680
1353
3892
2587
7697
8959
7092
6336
2104
8880
4419
1640
6270
5430
365
9714
391
2540
9469
9452
3497
6693
7274
4922
4928
3904
1932
4947
1922
4857
2648
3770
4336
4545
8445
1360
6600
7676
5525
8140
3616
8671
4913
1478
1728
3605
6484
8296
5097
2327
5749
8407
9793
9707
1898
3121
2737
8189
5624
3551
3394
3230
2852
3642
3922
7622
3063
6763
471
5571
4562
3441
4798
7559
7953
4564
1003
3498
844
2531
3660
965
9481
7509
3715
7082
4334
4829
889
8647
438
3216
4092
4736
6330
9318
6214
1955
5136
795
9187
9780
525
5479
1413
9107
5608
4682
7243
3971
794
515
634
1914
2808
7838
5825
4632
2248
1667
8228
6154
4428
1134
4653
3490
9156
9819
3353
5788
5544
1684
7630
8769
4294
3433
6330
737
3137
2465
7333
7714
9219
6675
7920
2843
9127
9215
9197
722
5350
9125
1449
6620
5907
5194
1586
1493
6202
3497
7349
4896
527
9596
5918
8472
1994
2667
2292
1454
9049
2478
6776
5493
4001
4406
4384
2273
3534
156
2574
9335
6438
3098
3144
6498
4173
1910
2932
7725
2124
3344
1002
8037
5638
3733
3814
4645
1798
9652
3991
92
6373
5390
928
8518
4435
2726
3275
4479
3806
934
8912
4842
8940
5677
276
3264
6979
6123
730
1835
7805
4172
1560
1069
1439
8017
3305
1804
1343
9840
170
5794
6829
5598
3119
4004
2292
5754
6474
1132
1286
5719
5602
8237
4716
8949
2570
8122
6863
465
2652
8187
7089
9379
2777
6200
5536
9349
4612
9397
3655
362
4481
9648
3528
694
1356
313
9220
7037
8031
3588
8680
8195
9142
8034
7451
9056
3950
8481
7799
7359
4136
2713
4027
739
8586
1094
4400
1240
9712
1018
731
7553
10000
4528
7035
2937
6291
3638
3373
5083
2281
7897
5653
5026
5676
5108
5730
3407
4689
3638
1998
9743
7782
5146
7230
4874
7134
5052
4867
3745
9142
189
6428
5170
7208
4800
8171
5016
8138
6697
8759
1934
552
8486
3124
9565
8789
1171
3461
7364
2409
3987
4814
1373
7333
1341
3982
3888
4669
6941
9347
8152
3913
5458
6299
1771
8915
8052
8702
8628
332
2706
4559
8965
790
1227
5549
1023
8406
4276
9269
8385
9407
6017
3908
8469
3608
4194
6948
114
6268
8740
5255
3511
8574
9235
4055
582
7573
1414
7373
304
8078
9969
2484
5720
1541
3116
6886
3042
3484
714
2571
2527
9039
9890
5395
1770
8073
8293
203
6681
6276
8307
3429
4081
9208
6287
5840
6216
9930
5729
1096
9021
1582
8519
5256
7251
3116
935
5909
4593
5725
2093
5175
1683
2886
3475
1950
5828
6247
2977
2890
4602
4976
1003
6041
3924
3946
8810
4756
2915
4221
8240
8927
8871
418
3444
8549
5198
4765
6783
807
6249
4645
493
3095
6239
2000
5885
7925
3880
9952
3120
7497
1766
7787
7991
1543
7734
3854
7917
8069
1297
6189
9136
5236
7079
5045
5921
3510
4535
1700
9609
5230
4022
1633
5503
5506
8154
1000
7052
5789
2141
6140
6569
1958
5542
5398
1810
2391
162
7694
3387
1279
5736
1034
4379
9144
6301
3930
4991
4893
5639
4056
7403
8433
7006
244
7739
2479
5911
3986
9863
4894
9192
6387
6553
2117
8755
9554
1242
5096
8709
7598
2076
9565
9158
6502
2188
4109
7314
8732
3639
8891
4243
4065
1582
7071
6715
7226
3046
416
5550
5817
8501
9356
62
8636
8762
6111
1494
3185
7106
4242
6556
5417
8859
9935
9358
9841
7741
9791
2785
8656
7927
5101
2551
8619
3723
3374
7653
9160
9164
7453
5247
3397
1696
5040
4847
2323
8541
3523
8496
9231
5566
7439
5960
9976
786
3443
7617
5139
3312
1081
7632
9631
5860
9017
2497
2963
3573
4161
6113
2107
3262
4914
169
4401
5486
7713
5198
4331
4706
2409
4704
4512
550
2960
2908
1910
9028
246
1981
8912
4689
182
150
3720
9283
9065
4115
5287
257
7627
5847
9058
6599
9296
6354
1259
1258
8334
7571
8038
1631
3800
3658
7438
4319
3415
8141
2620
6319
9292
3359
482
748
1868
6330
3051
957
1716
242
2218
387
1591
5019
683
9300
1304
8143
8770
977
2718
9460
1429
6640
962
2752
4138
2361
6828
4250
1957
6594
7058
4022
3335
5513
3674
6105
6210
9625
6178
9328
3586
6535
7251
2910
853
342
9651
2745
7195
8954
6249
5162
2778
9442
4213
6762
4058
1110
6139
9143
126
3641
7393
9630
9913
6687
4135
8806
7643
6657
5724
8805
5248
1290
1845
9724
2610
863
2990
9649
564
5988
5347
930
4061
2759
4365
6696
5539
2997
5594
4992
8118
7073
8399
8049
832
9295
6536
7513
5822
5854
5158
5168
2170
3828
4351
2665
6303
9977
5181
2272
835
3148
745
1264
5382
3199
5485
3461
5287
5884
3712
8438
1069
6362
1578
9217
9962
418
9160
4756
3270
2624
7622
9076
4861
7039
8839
7707
1149
6056
9797
8871
2142
5176
404
731
6073
6988
6490
7341
2536
1147
5479
2066
3845
1552
6234
4401
1942
2650
6219
3428
6309
4571
4689
1826
9070
7724
6059
1686
9137
8290
8967
2312
9686
555
6049
6663
4449
2138
4084
1620
992
5542
4557
1819
2762
8889
9999
3011
5433
3229
9801
7453
2901
266
7656
1718
6252
8455
230
4525
2201
2692
5208
166
3462
1090
6508
6487
9612
4854
2013
5991
379
9842
7102
5531
2029
5988
6734
4231
805
1936
4718
1886
9567
8180
817
4518
5139
7698
5627
6125
6837
659
1331
1945
242
7214
7859
6871
3565
1654
763
5033
6085
2884
4176
1431
8670
4603
6601
1291
2647
3300
4663
5677
6376
3824
5844
7973
527
222
6088
2370
7191
2140
3750
5556
7206
8420
3783
1242
5081
9288
1803
8613
9738
3007
1352
3149
1098
3990
9709
7779
3507
7152
9338
8526
9702
3083
5260
1735
2017
9533
1285
7714
5556
7798
5061
5761
8620
3620
3800
6331
62
6828
6900
9849
4586
9561
1103
5061
204
662
6515
1550
6991
4058
1409
6129
4933
9615
4223
3611
6621
9831
776
1324
753
1172
8865
8038
2331
4644
9481
108
4447
184
7789
8336
4876
4176
4933
6038
1872
4070
2259
4823
1569
5626
1916
1713
8215
8194
9625
8806
7203
5758
2451
6232
2106
7077
9079
9432
8449
8364
2527
4118
9122
8129
4392
422
2287
1428
7599
3133
9717
4529
404
5145
8886
466
9451
241
1648
4450
7715
4919
9865
6090
2693
7681
888
4509
1900
2472
5895
4558
4216
5498
4937
7374
719
6194
119
4173
2016
6059
9659
9374
2365
6840
1148
5367
2782
3327
442
1781
2370
5118
509
3252
7651
9150
7446
5610
4622
8790
7067
8734
85
8256
5938
8098
2990
3405
8177
9581
7432
9446
8609
2130
8467
3929
4176
6170
7256
9552
2182
8933
1296
3019
7734
2863
1933
4528
8849
2057
3798
2269
2848
1736
7979
6607
3273
8252
8238
4614
5766
987
3037
9684
454
221
33
226
738
9994
2756
2235
8485
6849
9153
5808
2291
5115
1477
7200
2513
4161
1410
3401
766
3506
5703
7568
1586
8642
6651
2504
2803
9826
8991
7358
9018
8347
2248
5888
8889
1593
9142
8496
6732
4010
8793
3499
7885
1975
3007
8067
1839
344
8726
3936
5244
8414
7694
4974
2322
3491
2962
8341
5517
2832
529
9430
5405
2569
3500
6731
2812
3062
3338
8003
4794
6294
4205
2540
8567
9226
2282
9317
1409
8169
1207
906
4910
4612
5139
4981
6513
4418
8503
652
5976
7528
9120
7508
2569
4878
4318
8300
3317
5080
9498
8603
2402
3364
623
4781
8847
5847
9276
8991
8739
5918
1001
7628
9489
9940
9415
1289
2604
3804
9979
7230
2661
7873
137
9764
3126
6008
710
6651
3600
6995
1140
9838
3879
3317
7773
688
9542
7784
2984
7903
7256
739
3407
1767
2415
512
8112
7172
5737
586
6229
1350
8318
4793
6671
3518
7722
2967
4609
7046
9755
2422
3929
224
5834
3005
7600
2708
548
582
3975
3213
1731
9252
6432
4678
9609
9108
8324
1659
1114
7453
8413
8163
3014
6139
3574
7777
4490
9953
4783
2818
8534
7918
5481
3045
6149
7829
5253
2848
3510
6306
353
7523
2553
1952
4431
6459
1795
3671
1936
2683
7767
9047
5873
3512
1869
8878
3575
8478
5454
4854
3939
6186
785
707
5573
5864
9357
1915
3747
6250
8505
6421
4946
5112
9444
4154
4789
552
9140
9997
1173
9609
5321
2293
2789
9233
9779
3591
6821
8535
7192
1990
7718
4612
5724
906
7837
6953
7645
3376
8081
4831
8275
2122
8895
1123
3439
8773
5803
8350
7492
2051
8083
970
9336
3987
5588
1037
1828
9809
2473
9567
2246
8950
1533
1409
8134
9168
8785
3156
7449
4503
7138
18
7851
6097
2762
6807
7969
3024
2867
4985
6856
8523
8143
657
6334
2279
4154
5050
7039
708
4247
3572
336
9117
333
116
770
3876
9094
66
5665
8315
8506
4843
615
6326
8805
3058
5097
6948
8388
1422
3427
4766
1688
3633
4246
4940
3563
2533
5877
305
3217
2782
7263
9218
413
8652
5587
2481
5830
1961
6933
6622
8473
3015
8266
4399
85
6872
7903
523
9787
4514
6086
2670
9302
294
8083
2485
5330
4618
1645
6360
2798
6432
4889
4532
6583
7217
9039
8176
4593
6838
578
430
9196
8388
1226
1103
8167
6181
5317
3189
2686
7132
9851
9012
7951
2673
3796
207
9278
3470
3584
8048
7164
8158
8623
1835
4537
9612
5673
1702
3861
1005
1419
489
7063
9125
4689
6062
2473
5530
6218
1039
9569
596
1084
1868
9821
386
4297
5519
3883
7148
7274
8952
4617
332
9268
6675
1656
9499
3235
2947
4299
886
1767
8744
2875
1296
9443
4858
2654
7439
2734
2690
8415
4642
349
8399
3153
6605
913
3204
5724
7985
9414
9251
6375
4401
4603
3272
5230
939
7575
8921
6365
4234
3554
930
7396
7662
1954
733
6246
4398
3172
1568
8366
586
315
2007
6890
4015
9778
9836
5884
6924
8653
5096
4195
8523
2257
6910
9189
2932
5950
913
6287
3509
6481
6879
4397
6144
3217
7999
1271
8083
893
4869
3602
7434
1386
8885
424
1734
9217
726
9592
6426
5012
6985
873
9776
8922
8137
1432
216
7079
1629
6186
4448
2872
927
1152
9022
2109
8640
447
3862
8771
9545
7696
3638
8212
9043
7675
1585
5217
4522
1820
9949
3690
4251
9351
7595
9178
1725
9980
498
7130
9051
5212
9750
5204
2420
4404
6199
412
5121
8660
7793
5167
6815
8987
5438
3266
4564
5292
2418
5426
9314
5590
8942
6389
9757
9434
9473
9395
9659
1468
9441
9665
7341
853
6135
6575
2196
7538
463
9829
6628
1782
2233
9700
1290
8099
8247
7949
7978
6043
5201
9104
3207
1354
9308
4082
4231
4341
9451
1853
1355
5364
6029
6836
6065
8455
8428
4155
9904
3901
8321
4113
6359
4106
9225
9526
2889
4461
1531
8172
6923
4374
8584
3989
237
6684
7986
8428
2266
4536
2055
6550
699
517
7332
8059
625
4748
823
3715
3783
9937
4600
4658
7842
4563
3168
2488
5259
523
8228
3452
7143
3872
7094
9108
8914
5559
6876
8838
7439
8920
8759
4549
7599
1039
6241
3176
567
5005
8781
7596
985
2339
3798
6267
6357
1228
3466
61
2125
2490
4630
9943
1442
6676
417
1329
2391
7711
28
1106
2584
4635
102
1346
19
3366
1770
6745
2036
5562
2894
1782
7828
720
2873
5719
1066
4286
2860
9588
4282
7804
5116
2779
1437
6811
7987
912
7614
6873
3867
9934
449
2741
6037
2647
2517
7670
5461
2547
8484
5851
9997
9022
5337
6034
8921
6626
7154
8076
7592
3926
5024
5372
462
5350
8937
3462
5254
6195
7479
1628
7332
745
9633
5094
5249
4290
8086
7234
4185
5324
4977
696
9405
1332
3325
447
2389
4222
2650
3295
1534
8113
6502
3444
9921
2731
6478
36
9695
1944
7917
8549
4071
6701
2863
3049
1541
54
7675
8057
5637
7788
9389
4720
3320
3952
3022
295
8937
5430
2748
6003
2363
5969
5127
6285
2501
4001
8870
6116
361
7214
7020
2422
9318
685
8861
167
7234
8974
4734
2734
4244
7875
266
7062
4328
9356
9233
3479
9196
7439
9071
4442
5078
6933
3883
3535
9289
1983
2351
3464
8973
7825
459
7609
1170
5979
2879
8869
477
1592
459
6810
6380
1845
2156
5520
2448
4858
9843
6631
2153
1942
145
3203
5486
1771
5440
1072
1659
7002
8905
8611
9902
2181
4628
1613
2364
6399
7742
8411
533
9149
1268
285
2012
5600
3802
8048
488
6872
3721
6210
5051
6895
6738
1405
5887
2235
5876
8225
2885
6996
6222
5251
2175
4472
6388
770
7058
2368
5550
8109
5677
9137
6090
3572
6297
1648
5620
8214
2187
3102
4852
6874
5760
5756
9168
19
8828
609
6083
9988
832
1021
6509
3707
145
7429
6578
7702
1997
6318
7280
5024
217
4330
2963
5588
5999
6522
187
1450
5152
6859
2949
2425
7050
625
7519
8072
5557
5440
7299
3460
8312
653
3270
1599
5346
318
2307
6393
4755
6180
5441
6074
5551
6295
480
3684
6608
8592
346
426
618
4170
18
4652
6930
8054
2513
9157
6015
7677
271
2136
2432
8922
3373
9597
3700
9456
1970
7689
5798
5886
1215
8056
3194
4274
2192
7746
4534
6081
2447
5594
2158
5241
4553
4058
9802
6145
9828
6344
9943
7815
7908
906
9126
4889
394
157
4130
9341
5676
6839
3794
3074
3403
1991
8625
7831
9874
7176
1771
3109
4477
1611
3833
7900
5397
7355
1508
4635
9645
1889
3945
8155
9115
1212
6552
322
4141
5577
1119
5690
9413
9016
1734
8650
8108
5048
3518
7064
6828
9014
7004
4698
1149
1129
354
342
3865
8734
6094
7965
7608
9837
9435
7415
8054
8857
8988
3082
8572
8370
7937
1965
2104
9732
2251
7766
6148
1641
8659
8486
1098
9114
3530
5301
3283
1642
5920
1383
8519
2045
921
2440
4305
8410
646
678
6474
9283
1601
5202
16
2597
6949
1800
9758
9483
7968
4167
4848
6470
613
9500
8936
2773
3018
9258
162
4261
4478
8042
2590
9705
1107
1945
2843
1207
3493
7377
7249
1405
5846
118
8613
6661
6982
2566
1896
4681
6487
791
7367
2337
4562
8023
1840
3932
5872
1381
6690
2322
9449
5532
1874
9126
3288
9263
7022
8109
6303
180
4904
4822
4508
4012
9671
2643
9830
6334
8072
974
1856
1908
9964
3196
5399
7340
8251
9274
3368
6044
1529
8937
888
1896
1267
2930
8896
6251
2860
787
9074
1859
5941
9952
8293
8468
3069
5791
9047
8919
7929
5385
7815
3816
5837
7087
3639
7525
7527
1759
3167
8591
5499
5064
6621
7163
1752
465
8476
7718
7466
8934
3061
6591
7400
685
6760
923
2314
1052
9868
928
6274
4456
1646
1336
1728
6749
1065
1762
1336
7798
1673
1556
3131
8173
1841
5645
4981
2496
8180
5958
855
4514
5676
8156
5355
1603
9505
3205
3352
388
5388
5971
780
768
7830
2932
9237
9512
7039
1175
5375
732
4021
7391
7366
4700
9339
8199
7951
7769
5050
4431
348
660
9168
4465
7938
4259
939
1734
4489
8581
1262
2703
5010
2949
8885
6028
7649
1920
1389
5855
389
4760
5171
7433
4121
537
7950
7916
39
6691
9894
2809
6310
774
5413
7688
8662
5181
9914
6580
2269
1921
2308
3207
2057
496
7207
1784
8826
6470
6213
3327
4709
1080
8779
1145
4065
5702
2442
9561
4439
5677
7195
7454
2632
4213
3422
3508
7594
5444
9241
2088
66
5144
3431
4580
7120
5735
9876
5202
6541
1353
4431
2347
2748
8112
8871
9421
988
1823
3328
6418
2466
8882
6395
8282
757
2702
8250
8545
3424
4050
4601
9698
4021
8684
8506
8418
290
289
9538
184
2876
5250
4820
7369
6907
6818
6914
4039
3367
1028
9273
3275
5803
268
7488
435
2165
7204
9708
8856
7957
2526
2355
7881
9001
5370
5640
8196
538
2301
2298
3227
6279
4201
4917
2446
8870
1632
3614
3336
6245
5831
5464
5952
6046
9217
9869
2656
2456
5005
601
4112
6456
706
2454
6622
9513
8776
5524
5730
1135
4442
1072
2574
7599
2683
5264
9046
8972
8590
9952
2347
5523
9311
2863
5408
549
987
7639
5466
6150
9352
4170
4582
2200
7260
5517
5741
9128
1180
8881
9688
4444
7168
7142
6531
6281
4535
9596
2713
4836
9308
4992
6480
4680
899
8011
3568
6056
8407
6065
3538
4777
6643
7016
5489
6730
6739
9571
5105
221
6827
660
8630
3454
6775
9006
5954
8600
3701
4194
4566
2875
763
3354
3394
5442
107
5797
9553
3578
5535
4513
2686
9594
6025
421
4523
4831
258
1465
1112
4500
3858
6365
3739
705
9107
7921
7216
1230
2257
8347
4753
9381
5932
7576
808
4134
9461
6020
8033
9493
393
4781
6325
7572
2278
1596
5359
7121
3979
1494
3058
6446
484
8447
2211
5199
6813
4072
2054
8316
263
5622
6500
4464
1980
4539
6408
2958
6319
3538
5607
8120
236
3243
2056
6471
6481
5021
3892
