
90 inserted
90
90
19 does not exist
93 inserted
93
36 not found
99 inserted
6 inserted
6 99 93 90
60 not found
48 does not exist
14 inserted
99
6 14 90 93 99
6
6
98 inserted
99
14 6 98 99 93 90
26 inserted
76 inserted
6 14 26 76 90 93 98 99
28 inserted
16 inserted
6
16 28 76 26 14 6 98 99 93 90
90 6 14 26 16 76 28 93 99 98
6 14 16 26 28 76 90 93 98 99
62 inserted
59 inserted
84 inserted
79 inserted
17 inserted
6 14 16 17 26 28 59 62 76 79 84 90 93 98 99
99
6
90 6 14 26 16 17 76 28 62 59 84 79 93 99 98
61 inserted
17 16 61 59 62 28 79 84 76 26 14 6 98 99 93 90
68 inserted
91 inserted
6 14 16 17 26 28 59 61 62 68 76 79 84 90 91 93 98 99
6
99
57 inserted
32 inserted
39 does not exist
99 found
76
99
6 14 16 17 26 28 32 57 59 61 62 68 76 79 84 90 91 93 98 99
73 inserted
97 not found
52 not found
6 14 16 17 26 28 32 57 59 61 62 68 73 76 79 84 90 91 93 98 99
44 inserted
99
15 inserted
19 inserted
66 inserted
38 does not exist
successor of 99 does not exist
33 inserted
45 inserted
48 does not exist
56 inserted
14
36 not found
80 not found
6
47 inserted
51 inserted
48 does not exist
90 6 14 26 16 15 17 19 76 28 62 59 57 32 44 33 45 56 47 51 61 68 66 73 84 79 93 91 99 98
43 inserted
99
99
15 19 17 16 43 33 51 47 56 45 44 32 57 61 59 66 73 68 62 28 79 84 76 26 14 6 91 98 99 93 90
3 inserted
23 inserted
3 15 23 19 17 16 43 33 51 47 56 45 44 32 57 61 59 66 73 68 62 28 79 84 76 26 14 6 91 98 99 93 90
3 6 14 15 16 17 19 23 26 28 32 33 43 44 45 47 51 56 57 59 61 62 66 68 73 76 79 84 90 91 93 98 99
86 inserted
3 6 14 15 16 17 19 23 26 28 32 33 43 44 45 47 51 56 57 59 61 62 66 68 73 76 79 84 86 90 91 93 98 99
90 6 3 14 26 16 15 17 19 23 76 28 62 59 57 32 44 33 43 45 56 47 51 61 68 66 73 84 79 86 93 91 99 98
92 inserted
57
60 inserted
50 inserted
2 inserted
12 inserted
95 inserted
2 3 12 15 23 19 17 16 43 33 50 51 47 56 45 44 32 57 60 61 59 66 73 68 62 28 79 86 84 76 26 14 6 92 91 95 98 99 93 90
71 inserted
29 inserted
69 inserted
20 not found
8 not found
55 inserted
18 does not exist
80 inserted
99
58 inserted
44
54 inserted
99
5 inserted
94 inserted
82 inserted
12
2 3 5 6 12 14 15 16 17 19 23 26 28 29 32 33 43 44 45 47 50 51 54 55 56 57 58 59 60 61 62 66 68 69 71 73 76 79 80 82 84 86 90 91 92 93 94 95 98 99
2 3 5 6 12 14 15 16 17 19 23 26 28 29 32 33 43 44 45 47 50 51 54 55 56 57 58 59 60 61 62 66 68 69 71 73 76 79 80 82 84 86 90 91 92 93 94 95 98 99
90 6 3 2 5 14 12 26 16 15 17 19 23 76 28 62 59 57 32 29 44 33 43 45 56 47 51 50 55 54 58 61 60 68 66 73 71 69 84 79 80 82 86 93 91 92 99 98 95 94
22 inserted
31 inserted
64 inserted
1 inserted
1
10 inserted
1 2 3 5 6 10 12 14 15 16 17 19 22 23 26 28 29 31 32 33 43 44 45 47 50 51 54 55 56 57 58 59 60 61 62 64 66 68 69 71 73 76 79 80 82 84 86 90 91 92 93 94 95 98 99
1
67 inserted
0 inserted
27 inserted
0
63 inserted
99
77 inserted
0 1 2 3 5 6 10 12 14 15 16 17 19 22 23 26 27 28 29 31 32 33 43 44 45 47 50 51 54 55 56 57 58 59 60 61 62 63 64 66 67 68 69 71 73 76 77 79 80 82 84 86 90 91 92 93 94 95 98 99
83 does not exist
99
0 1 2 3 5 6 10 12 14 15 16 17 19 22 23 26 27 28 29 31 32 33 43 44 45 47 50 51 54 55 56 57 58 59 60 61 62 63 64 66 67 68 69 71 73 76 77 79 80 82 84 86 90 91 92 93 94 95 98 99
99
0 1 2 3 5 6 10 12 14 15 16 17 19 22 23 26 27 28 29 31 32 33 43 44 45 47 50 51 54 55 56 57 58 59 60 61 62 63 64 66 67 68 69 71 73 76 77 79 80 82 84 86 90 91 92 93 94 95 98 99
75 inserted
90 6 3 2 1 0 5 14 12 10 26 16 15 17 19 23 22 76 28 27 62 59 57 32 29 31 44 33 43 45 56 47 51 50 55 54 58 61 60 68 66 64 63 67 73 71 69 75 84 79 77 80 82 86 93 91 92 99 98 95 94
99
90 6 3 2 1 0 5 14 12 10 26 16 15 17 19 23 22 76 28 27 62 59 57 32 29 31 44 33 43 45 56 47 51 50 55 54 58 61 60 68 66 64 63 67 73 71 69 75 84 79 77 80 82 86 93 91 92 99 98 95 94
0 1 2 5 3 10 12 15 22 23 19 17 16 27 31 29 43 33 50 54 55 51 47 56 45 44 32 58 57 60 61 59 63 64 67 66 69 71 75 73 68 62 28 77 82 80 79 86 84 76 26 14 6 92 91 94 95 98 99 93 90
