5087
9053
8542
6821
3184
1837
4393
5627
2634
8124
5815
3127
2991
1667
7770
8348
5047
7602
3379
9945
7780
2244
5309
7280
2800
2819
4355
6893
4691
2775
4237
8521
7128
3591
4535
1597
8786
6702
9876
7838
8450
2309
3346
9145
7911
3731
7482
1797
2125
5655
3802
2977
7085
2169
1935
4987
8123
6470
6841
2989
3850
8492
6383
7508
3054
5881
9902
8762
4811
2672
3972
9988
4024
7018
8211
7164
1586
8770
8553
4258
2697
7642
3890
2393
6343
2363
1667
3790
8643
9397
3489
8455
8705
5949
2128
7362
9967
3946
6519
3980
8402
7557
9231
4259
7983
4802
8773
8206
2801
7639
1956
6416
7318
4163
8744
9158
1424
4354
5698
9774
4898
1147
6602
1773
7894
3957
9917
3452
5828
4199
5353
3772
5255
9572
4316
5324
9948
1466
8310
8888
3104
1609
2775
1731
2072
7824
7099
8549
4830
9154
9406
6598
4068
4541
8648
2534
2652
6886
4100
3576
1470
1978
7549
6229
8587
9022
1850
4189
1661
8164
6101
1607
9633
4282
2826
4158
8239
8335
7485
1959
7411
4815
9356
9936
3423
8707
2681
4191
8209
8160
7504
8267
9508
1918
1234
3063
6958
4384
6187
1651
5951
7195
7243
2815
8667
1771
1644
3002
7128
2476
4127
5494
8076
8243
3129
2577
3619
8805
5148
2374
3076
2719
9468
5290
2458
3884
6293
2248
3270
6022
7749
4982
8829
6121
3724
5780
1935
3803
8432
6840
8554
9353
1920
3490
4261
5300
3757
6797
3209
6261
9020
8860
3462
6635
5256
5783
6765
4959
5022
7662
3557
3760
6379
9264
9180
7776
6474
3671
1162
7234
4809
9057
3737
8644
4192
1224
3034
1415
2998
5815
6090
2895
8366
3992
3571
8918
2169
2381
2911
7226
4380
4620
4452
7844
9632
1520
1209
7788
5328
9229
7175
2482
9160
3723
7191
9016
1427
3216
4417
6630
4225
2062
3492
8310
4753
9261
8735
2525
5653
8912
6377
5634
4188
4211
6928
7029
1527
7184
5935
9664
1479
7443
9775
8037
8960
7217
8386
3419
6629
2367
4514
7061
5599
5035
6591
4774
7773
9771
2367
3280
4366
6314
3904
2656
8963
3728
7561
7006
1955
6253
7864
4107
3571
5762
2581
6875
4674
9189
7814
1002
5853
6939
1311
6514
6201
2805
1443
7260
1803
9100
6756
8314
4106
7066
4183
6872
3114
8664
8803
4240
6128
3987
2342
1171
7410
8593
1766
4825
3909
4187
7780
3428
9248
8071
2994
1525
6367
7460
7021
3693
7198
9401
3404
3327
7320
2045
1138
3251
5822
7698
3751
6727
3793
8136
7009
5574
1745
5361
3406
2452
5274
4490
2133
5757
1346
9903
4927
2648
8142
8200
9828
8501
4536
2008
3392
8742
9880
7580
3947
7273
1997
9833
6844
2555
3995
8557
2880
5550
3782
1964
5563
6992
6406
5789
8346
8757
9451
2805
8863
4762
5016
4717
1586
7432
4835
5916
8229
3498
5660
7320
3346
7049
9481
6766
3870
9283
8413
4873
1764
5393
2949
9062
7015
9641
8787
3775
2247
1929
9579
3163
5954
7689
1939
2864
8867
7793
7613
9268
3545
6680
9374
1183
3967
6590
4954
2311
9973
7012
6180
1697
3723
2536
1757
5849
2678
8741
9166
4617
6114
9297
8205
3783
4601
8282
7347
5751
7681
6905
9756
1060
2743
2593
4773
4161
4721
5857
2320
4801
9135
7531
1123
1714
1940
4454
7459
5478
5234
1405
7866
3731
3402
1750
5243
4113
5276
7126
8629
5676
5482
6786
4086
5233
6522
3689
2135
9558
3719
7310
1279
9675
9939
9802
6843
5122
1484
4654
3475
8224
4758
4374
2785
2556
2790
1346
1429
5416
8313
7042
1827
9698
5847
1116
3670
1053
8344
8972
5232
7491
6050
4387
7027
4904
4165
2673
1394
3538
6621
6765
9446
5443
8258
5591
7075
4681
2635
4377
6811
8325
2743
9297
1759
1652
9876
8587
2980
2367
4079
7411
4828
3230
5398
8357
3515
2403
5301
6410
4509
4723
2548
6849
4761
1678
2793
6742
9430
8562
4467
8344
7617
7449
5671
4647
9285
7086
2132
8558
8874
4062
9492
2019
1168
1557
1383
1148
5593
4296
5069
5681
5367
9872
5120
2808
2577
9783
1392
4516
9092
1061
2480
3795
6034
8945
6710
9851
5452
6773
9402
5241
8075
9875
6868
2396
4837
9179
4987
3011
6732
3772
6791
8067
5464
4356
5880
6279
3969
9265
6264
6848
1544
8006
1511
8424
8724
6619
8817
7361
3366
7790
2234
4585
9847
3626
9309
1731
2762
1409
6266
9614
6705
3254
2013
7684
5157
6254
1024
6665
9889
3162
2294
3614
2321
1745
5140
7875
5258
3650
2735
1418
5569
5766
5736
9876
1695
4526
7812
9484
4325
6692
7758
7697
9797
4798
8869
3724
3131
4591
9581
9516
4899
5793
1063
4898
3296
2553
3712
5034
4900
2866
7635
7462
2879
8304
8735
5829
2633
8334
3590
6101
3630
4517
9170
3853
1726
8715
4651
7967
4712
7882
5013
1096
8249
9578
2236
3639
7733
3467
1039
1745
7361
3803
1322
9247
1619
5907
8811
9339
8859
6605
4948
6975
9046
9138
4349
8943
5232
8206
8010
4971
8801
8609
1734
6493
5526
4126
4417
8140
5870
6927
3405
7519
5498
2337
1899
1119
6833
8342
1191
8491
7007
2762
6719
8889
7022
2271
6691
2958
2549
5888
2865
2704
6477
6904
7330
5436
8849
3801
5998
1630
1679
6149
3453
4314
2466
2572
9511
7867
1146
2039
7224
9351
2046
2615
7846
3723
5004
5866
7943
2706
9233
3934
1391
5258
9388
2813
4132
3544
6888
6945
1587
4095
1969
1404
3393
8901
7959
8446
7071
5224
7921
6766
2372
3380
2259
6840
4173
1780
5620
4018
4229
6389
3538
9705
7791
9487
7455
5941
7026
3704
1109
7171
5267
5050
4765
4749
2938
9341
3229
7874
8087
2106
5900
3802
3724
5435
6655
9808
6638
9731
8087
4806
3972
1606
6038
4019
8957
4255
1892
3535
5294
6304
3142
1455
4611
5247
7971
6223
6213
7470
2541
4426
9545
4611
2919
3754
3451
4372
3750
1752
8404
4974
6862
2700
4286
8902
6514
4504
9448
9141
3864
5026
8489
3885
6492
2543
4695
1585
7305
8953
7144
5139
8203
5333
8115
4005
1260
8855
7376
4956
7013
2593
2731
7599
1056
2770
2078
7889
7108
5303
3025
3879
5018
7478
2962
4728
2174
7296
4545
6470
2107
6730
4373
6945
4299
4729
6880
3413
2826
2256
9958
7762
1518
8569
1940
9297
3018
6267
5757
1251
3262
3176
5633
9666
3038
7339
6720
3562
3181
3549
8075
7028
3437
1009
9091
7661
1008
9310
1143
8037
2449
6669
4989
8086
1718
7208
3083
9578
6788
7380
3333
9407
4715
5236
2332
6420
9443
5144
3905
2636
2526
2313
9525
9864
4579
5525
2131
3851
7759
3215
8888
4029
7982
3435
2178
7955
3594
9222
3895
8497
9717
7180
3089
4007
1339
1287
3339
2001
3253
5048
5644
6894
5481
8084
4267
3651
8698
4301
6611
1707
4721
4789
4933
5036
4204
2515
1513
8098
2537
2723
7726
6582
1074
6403
4449
2078
8456
6370
3025
1319
3497
1389
9319
1344
3817
3755
8079
9374
1602
4950
3657
8587
8540
5623
9845
8391
9879
5549
9653
5055
8999
8846
5815
6269
1343
8439
9240
8670
9428
8416
7161
9079
4773
5709
8262
6392
7701
2059
4841
3098
1318
5302
8926
8026
9124
1849
3843
5738
8912
4397
6085
9165
3314
1340
1876
3348
4812
4456
9351
3507
6459
9370
7928
6537
4621
9760
7698
6651
5957
2866
1620
1549
3185
3905
8420
2021
7609
8406
1659
8261
3811
1960
3175
8930
7525
7759
5138
6232
4278
8168
4412
5382
6563
3482
6811
6494
1990
2377
6436
4758
7093
4819
7587
9546
8832
3343
9936
5578
5298
9402
9490
3276
4024
8859
9158
4003
6426
4763
8265
9284
4056
5973
2303
3071
4127
2649
8989
3335
1652
7989
5271
6884
5813
1193
8176
6857
9279
6615
5183
1324
1523
9558
4710
1369
2696
9006
3753
1720
5900
6384
8069
3215
6817
4115
5948
9651
6640
9270
5272
8818
9633
7634
1575
4205
8990
9588
7753
6554
6028
3603
9053
1742
4773
3014
7451
4398
1607
2256
4003
1245
1297
1204
4280
1360
4680
3327
4621
2003
2599
3774
3894
3642
1204
9551
4803
4475
6265
7111
8605
1793
8496
2084
8437
4272
5278
3588
6401
7350
5084
9112
9827
9769
6819
8280
6832
5254
7176
7279
5680
3116
5170
6165
5340
3569
4209
4748
6814
3891
2520
5587
1262
4146
1037
6360
7498
7805
3159
3276
3049
5192
1306
8274
6746
9419
5082
7975
5992
2591
4803
2027
7015
1564
6181
5902
7743
6859
5372
2391
1987
9819
5187
7995
2878
7084
3399
7389
1428
1114
5073
5404
3016
3643
1711
1138
2866
4331
3723
3266
4044
6614
7512
5690
2460
9712
4358
3364
7977
2987
2673
6582
1991
9048
9645
3814
8794
6129
4061
5982
1251
8788
2965
2186
9383
3013
2393
7087
7173
9984
7184
1887
1008
4220
4172
9422
3708
3937
8503
8623
2480
6059
7767
2458
2908
4503
3141
3775
4705
6945
2031
4507
6619
5637
2217
3811
2646
4541
8124
2177
7151
3746
1751
1910
5904
2148
6406
5974
6256
5953
7994
7091
5836
3384
3143
1048
2856
2637
6404
3165
9096
4417
6223
9965
2030
9661
2608
2529
9612
7803
9601
6576
7930
3451
9206
3007
4689
5497
1272
1033
4739
7362
3036
2359
3155
2856
4211
7793
4192
3639
8080
3051
5387
8855
3866
1524
4017
8549
7265
8896
3263
3815
3217
9224
6394
4734
4111
2387
6540
8185
6957
3564
9171
8592
1340
9901
1473
3123
2602
3003
9898
8609
3624
7182
3314
7384
1893
8790
6628
6273
1980
5818
9974
6709
8738
7781
3186
7923
8090
2820
1178
3662
5312
3872
5674
1966
9986
8091
4783
3746
5620
1967
9840
7345
2112
9700
6559
5558
1185
7457
3101
1498
5054
2190
7535
2441
7461
2667
1908
6945
8451
1603
3258
8973
4673
2125
1750
8391
6893
3584
9120
6127
7725
2708
2646
3087
9112
4360
8449
7847
8498
2544
4424
8054
6033
4224
3334
7398
4213
2045
9112
2671
7516
3308
8063
2933
7726
4216
1553
6919
3326
7902
3669
8495
9474
9057
8886
9390
9931
8283
5018
2050
5652
7275
7676
8784
3656
3710
3792
4643
9924
2486
1039
2320
1640
3216
2155
7368
6429
7885
8167
9726
2767
3392
8501
5039
7194
1537
6225
6145
2353
5096
3011
1823
6582
8908
1674
5381
8855
9446
7111
3254
1299
5129
5484
7570
5884
7713
7556
6206
3808
4848
9396
1567
9674
3295
4012
4601
7983
2299
2871
1761
2697
6072
6824
8819
2570
3886
7604
6696
5149
6831
7330
4733
8027
2889
9904
9969
7515
4821
1270
3547
6993
5394
8860
3356
9613
2826
4039
9691
1773
3986
8155
1939
6406
5637
5910
6661
6586
4514
5891
2713
1649
8088
2043
3138
2271
3863
2224
7649
7731
9283
5158
2941
2300
2400
3486
7299
8381
1520
9500
2994
3405
4766
1488
7814
6046
7983
3580
7462
1970
7620
9194
7934
1303
8004
6416
6165
1886
4996
4747
3098
6422
5465
2173
6176
6169
4845
6044
2423
7863
9493
7486
8660
9816
8022
5838
8909
8465
5081
1201
8847
5502
6616
1761
8482
4456
4544
7767
5446
2955
7225
1491
3794
7085
8702
8828
7551
6685
5640
3313
8123
6505
4024
9838
1986
7630
3548
5323
7528
2303
5032
7219
7873
6315
2148
8701
4056
2591
5143
2010
3254
5334
7811
9240
3117
9138
9721
1392
7965
9519
5629
4115
1781
4566
1690
2679
8880
9943
8785
6090
9415
6295
1413
2246
9903
7744
4676
6479
7584
3921
6619
5048
4371
2581
3587
8391
5292
8905
8677
9768
8662
1212
8609
8416
5303
7866
6727
1152
8830
8037
3368
3208
8502
7268
2260
6190
2987
1173
2641
6517
3048
5932
5390
4317
2459
1637
6985
3474
1570
6667
6011
9320
8109
9115
4427
5050
2502
1082
4845
5250
7159
7055
1551
5291
3273
8109
6243
2824
2034
1557
2837
9129
7500
7347
5238
4430
9525
9343
7106
4905
1203
5376
2443
3036
8626
5944
5545
4687
7219
1158
4141
9068
5395
9892
9916
2525
7344
9241
2956
4179
7054
3126
7638
1276
5672
4776
9487
4141
5297
4732
1233
1650
2646
4856
2302
7552
8831
7219
2959
6148
4937
6545
4737
2181
4879
1302
3668
2353
9617
2537
3381
9759
3800
1002
4382
3164
6494
7074
6412
8927
9585
4811
3885
5610
5691
7081
8412
3933
2363
4633
7471
3109
8083
5936
1480
1328
2927
5398
6691
4395
5633
8876
9853
5454
3661
5980
2338
1607
5353
3820
3583
3878
6554
7691
2420
9228
7621
5766
5254
1227
3651
7097
6474
6590
7705
5441
7845
6839
2604
8222
5710
8008
8838
2257
9794
1389
5069
4057
9575
4078
5329
9706
1927
7045
8384
1491
6144
7421
6546
7477
6904
7632
4012
8104
6780
4480
6710
4136
5159
6934
9464
7982
6829
2778
8067
2122
3242
8555
4159
9240
4957
9717
4010
1613
3787
2415
5536
1937
6509
9205
3713
8218
3842
4122
1046
5665
1505
2854
8094
6399
6301
9513
6946
7294
7158
4758
5587
8959
1104
5708
9497
8566
9589
2783
7136
7107
5250
1584
5783
1378
6443
5174
8597
6887
6648
9925
3525
1946
4347
9324
5197
5075
8364
1857
9499
2173
9174
6635
4394
1530
9371
3046
7616
3992
9880
6042
6023
7445
3023
1812
4739
2592
7380
5507
4679
3086
4041
7122
2857
8635
7535
3458
2395
1948
8300
9404
2272
5137
1710
5346
1986
6293
8657
8362
3017
4888
4153
5911
4868
5563
1909
1207
1473
5004
7326
4313
6134
9827
5464
3732
8880
5767
9840
7554
2323
9907
1839
7485
5560
5312
9720
4713
8130
4837
2385
7593
9998
1722
6107
4031
3142
3880
4904
4811
1776
4803
3335
6158
1430
3165
1715
2214
5360
1674
7121
1981
1882
7646
3917
2172
8441
8630
1365
5586
5647
9348
5156
2832
4244
5459
5386
1809
2228
3040
2092
5513
7443
9777
9007
4398
4894
1320
6536
5259
4125
6887
7175
8033
1694
9398
7801
7097
5787
2039
7032
3625
3940
2820
7330
2290
3575
5842
2722
1772
2181
5878
7744
9271
3071
9220
7435
1314
9537
9595
2889
8390
6060
2489
5191
8647
7220
8439
3466
4019
9154
5848
3351
3438
1893
6204
6354
9928
4001
2455
7453
7407
2361
8459
6491
4767
7802
4907
2399
3583
7426
2904
3307
5645
6479
7341
2245
9306
2309
9823
9385
7534
1009
1389
5687
3991
5422
8125
8770
7461
8623
2783
9810
3294
7997
8989
5062
8271
7852
9064
6547
5036
5196
1798
7856
1211
2297
7042
1376
3507
1810
5121
8606
5197
5253
1391
2172
5814
3529
9507
9912
5082
4101
5678
7844
1113
9714
1723
1837
3849
3130
9030
4175
6717
2440
1057
4272
5663
3965
9041
9392
8288
9687
5355
8767
2694
3599
7078
8656
7984
3781
2582
1428
3355
7751
6397
3634
9924
2283
4697
2900
4996
1960
6534
8839
2800
3850
8472
5049
8682
9837
7721
4265
9712
5093
2777
8006
9835
4900
4398
4576
8124
8579
4454
7800
4360
4816
5610
6783
1344
1511
2535
4545
6102
7704
8234
6776
4185
3841
7792
9542
4097
3455
5110
7725
7294
9905
8542
4779
3339
3947
6028
2603
7584
8128
7797
1407
2207
6421
6988
8257
1256
6556
5835
7675
3110
8355
6625
1733
3840
6179
3205
1407
4791
7438
7788
7785
1969
9485
8616
7964
6768
3482
2772
3275
5987
2013
1681
4054
8812
2187
5247
3664
5661
2202
6473
4068
2426
1757
1272
9297
8679
3392
6854
5571
2936
6889
6116
8521
8450
7072
9911
4574
8937
9734
1686
2570
9570
5897
7417
3880
4562
2976
1818
4201
1301
4240
8640
5981
7697
2871
4132
5699
8176
7396
6774
3778
9097
5174
2325
7003
7818
2510
3387
4550
5399
4912
5777
2820
3400
3020
2795
6052
4300
6755
7782
8413
5791
1240
1676
4494
3788
7084
3876
5589
7303
9713
7528
8248
7407
6195
1045
6757
4936
5384
2531
4869
7009
2537
5860
2021
5871
5630
3264
5033
9302
2064
7796
3315
9209
4121
1149
7129
7458
1533
5999
3227
1051
2498
5157
1780
1894
7590
9980
7743
5699
5438
4646
8197
9682
2571
2206
4662
9693
6628
4054
1935
4081
9106
1011
7901
6373
5763
4722
6321
3025
6717
1482
2320
2939
2395
8903
5874
5136
4224
9552
9378
4739
8138
9155
9337
2595
4504
9618
8855
3193
3852
5602
2617
5634
9811
4526
7429
9647
3582
4764
3094
9613
6743
7057
4149
7983
6392
5489
9033
5475
8574
3467
2553
1546
1929
8442
1954
2630
5478
4393
3698
4151
9371
6020
3480
9489
1859
9220
3918
2973
2412
2806
4264
9968
8613
8437
7569
8323
9775
7614
9201
7482
9046
8565
3042
5643
2313
3822
2665
4858
9285
5099
8276
6146
8819
8320
3780
2265
8138
4848
1597
2458
2526
7773
6796
7399
3164
7728
7499
9042
8701
5297
6835
4689
8927
1006
8481
3188
7364
8592
4250
9155
5334
5155
7059
4761
8013
6844
1724
5090
6289
9589
7316
7952
7550
3847
8728
6271
8180
4150
3658
2412
1816
4980
5836
8887
9294
8387
2458
6670
3659
7269
9294
5523
5602
4160
2933
5231
3096
5069
5518
9572
2328
5797
5453
4923
7720
6204
1460
6504
7150
7466
2235
1371
9958
4094
6087
8128
9142
8492
7400
7488
3375
7324
1726
5097
6439
7004
1803
5505
9422
4233
3463
9688
3480
3245
2079
1136
7225
3349
4243
1005
8099
7927
1489
2238
9993
5358
6668
8141
4252
6890
4860
1526
8046
8685
4579
6408
4914
5542
7850
7169
4267
6279
2024
9482
4621
8913
2271
1347
3877
4312
5903
1977
6391
8407
1395
2603
7524
9966
5297
4361
6585
3819
8218
8733
6181
3933
7196
9458
3558
7312
5437
6285
2186
7158
3488
7692
7964
2025
4001
3083
8316
4713
5534
3487
5649
4349
2977
2913
7862
4341
1176
7825
7646
3442
6922
6771
5470
9564
4175
6770
8820
5846
5525
3731
5524
5737
5040
9276
9695
5468
1714
7868
5783
4461
1303
6082
5224
7305
3810
3955
4978
4845
8414
3292
7146
1052
9681
8495
9230
8141
7023
8748
5364
3586
9010
1274
6759
8931
9364
2272
9279
9573
2277
5371
6787
8287
6665
1015
8741
4763
1559
4983
5261
3071
9863
8210
7448
2630
7569
7901
6208
4370
4794
9477
6054
5113
9442
5109
7916
7029
2959
4934
8775
6171
8391
6894
3828
6061
7394
2058
1318
1571
7963
6712
8932
2029
6064
3016
9132
8407
4708
8906
3354
1680
3447
3337
4852
5359
7874
5850
5559
2853
5537
2825
1034
2719
8804
2392
4942
3030
3593
7288
7831
6299
1741
1068
6620
5105
5530
1758
5687
3099
4444
5645
5966
7273
6771
9744
5097
2069
2192
6937
1379
9411
2939
9634
6635
2663
3240
9834
5031
6615
3254
4489
2019
6681
3904
1006
9235
4210
7817
6731
5757
9068
9959
5058
8839
2716
3523
8990
3765
9753
7519
8692
6301
5751
6172
2001
8956
6613
9939
1048
3287
7291
7399
8732
7596
9921
6686
7771
4041
3093
8328
1489
3149
5136
1168
4559
7790
9385
4161
7048
4828
8302
8013
3703
5588
7681
4259
1263
6100
5772
1293
8335
7266
5519
1596
7982
4696
2082
7689
9246
8873
7278
7550
3370
9285
1981
6293
2519
5027
6415
9316
8413
1982
5258
5280
1136
5126
4381
7170
1521
4239
1510
8775
6987
2553
7600
9698
7735
1801
8417
7912
3811
7774
9006
3412
7867
5134
6234
6135
6475
9592
5163
2297
6835
2232
3547
9894
6796
5429
2009
6896
4805
8497
2531
4289
1039
2952
2402
3872
2201
2223
6759
1710
1200
8166
7159
5795
8669
3707
2908
9951
1959
3242
7962
8220
3748
9411
8284
1326
9457
1173
3224
4907
8140
5327
9753
4012
8249
5255
5826
8234
9108
8511
8212
5796
9821
4186
3595
5632
5511
1847
8868
3837
6012
6057
3351
4155
8162
9243
2534
3411
6974
2670
7528
9911
9165
5957
2946
3296
3633
6529
2052
9741
7253
9569
6350
9701
5662
4978
2682
5292
5768
9170
7171
8958
3420
1264
3389
1465
4855
5926
6171
8714
2696
3951
4858
6459
6348
8788
3714
4446
8145
6074
4215
4665
3042
3424
4451
7268
3047
3089
7953
7995
8959
9229
1252
1583
2416
3159
9168
2118
7034
7450
4372
5208
8020
6656
5268
4474
7402
8539
2120
6959
3498
3219
4996
1890
1809
2826
6222
3127
4655
6162
1572
8744
1738
7047
9061
3338
3918
3308
9469
5856
8101
2317
7621
1848
9418
8356
8003
8695
3922
6234
6510
6820
5222
6999
6969
3976
8641
9844
4975
3895
7749
4901
6725
4365
5923
3496
3278
2058
3384
6789
5710
6747
6836
4949
4528
8276
3066
5252
6175
8621
9328
5751
7355
5315
5041
5274
8525
8355
7766
9330
3742
2717
1284
3392
5945
3630
3671
1116
1382
9608
2354
5837
4976
4665
5524
6701
4863
3172
3270
5761
3492
1788
2595
3239
2192
3584
6862
4309
3610
5535
3063
5264
7467
8219
3507
8036
9457
3588
6957
4782
2392
6541
2789
3638
6979
2033
1216
5770
5273
5715
1450
5160
2421
3307
1684
3539
2800
6670
1905
2790
3846
8142
1663
7768
8456
8204
7832
1423
2355
5083
1891
6360
3517
4270
3407
7659
6326
1843
2656
3532
7420
9271
9466
5770
1544
6435
7731
5631
3797
5276
2437
4871
2849
5663
3354
1663
3646
3366
7598
8054
9230
5722
5997
2618
4587
1453
4815
2280
8266
8568
3728
2464
7511
8263
8008
3716
2789
4296
6984
8215
6218
3413
1488
1385
1175
2732
1026
5731
7925
2900
6011
6845
9595
3955
9304
3827
8142
3861
4623
1092
5628
5026
7554
5180
4332
4218
8688
8780
8010
2504
3529
2331
5403
3641
6605
1163
8881
3541
9430
1884
2421
5449
7382
8585
4783
3795
1132
3724
8243
6213
8017
9597
7882
3925
6740
5961
7234
9481
3480
8499
6678
2535
4740
1179
3948
4546
5217
5772
1140
5435
7279
6993
9430
4233
9277
8963
2184
4651
8248
9159
8888
3552
9919
6274
1985
9772
5917
8183
8922
1980
9361
1925
2534
3754
5677
2493
3909
9621
1898
6625
1653
3103
1794
4139
3772
6568
8651
3183
6063
8205
9740
9182
8851
8736
8973
6633
8677
8290
2686
9182
6575
3474
4734
3164
3032
1981
6401
7109
2804
9904
7479
1844
2914
6075
8973
6043
8160
9764
3001
4651
2239
1442
5129
8498
8337
8099
1439
5848
1728
6459
3152
5011
6101
1271
8795
2744
2382
9627
3059
1235
2578
8756
4544
6988
6725
2357
4553
3629
9181
2776
7206
1652
4255
5414
3915
2223
3588
1155
6938
1125
7695
7034
2624
3946
2475
3966
1954
6948
4033
7754
5263
8809
7980
4966
9687
5001
3490
8107
8798
9793
6541
8389
6371
7167
8906
8175
9434
1498
8236
2469
9134
4229
4974
2307
4774
9503
4073
9729
1051
3279
1006
5653
4133
1482
2362
5049
9822
4046
6405
9639
7563
4923
8359
8206
7220
7365
4621
7290
9289
1867
9269
6447
4352
1258
2336
9885
4519
3044
6855
1101
3695
6673
8534
3496
1163
9067
7232
6709
7811
5936
5961
2158
4400
1500
7200
9002
1783
5890
5556
1296
3250
5553
7560
8292
3141
2962
6044
8479
6413
8628
2365
6148
8787
5941
1674
7614
1452
5877
2331
1682
9098
6351
9725
1969
1541
3003
2522
7574
1242
2553
8401
7760
9468
2717
2797
8955
7901
6004
1433
4798
6274
2177
7863
6958
3408
9043
4613
9608
7414
4261
5849
7505
9311
9494
2123
6824
6894
8676
1188
3938
1307
9720
6919
8989
2640
5418
4919
9617
9991
5158
5680
7539
3517
3716
7011
2793
4026
8802
6228
8042
5392
7614
6429
1430
5462
4458
4722
9364
7232
2630
2058
8716
4026
9057
3612
2174
5931
7097
8970
2456
6919
7049
2312
7009
4724
6112
3128
5651
6383
1796
4650
1345
3640
6897
1306
6642
3068
2256
3504
3196
2414
7536
4625
8932
5337
5847
5295
9094
9083
7779
6172
2723
8477
1966
3785
7461
1778
1836
5844
7086
7226
3308
6918
6588
1374
9869
6450
6481
4348
7090
5298
8913
9857
1053
7133
1683
5170
7803
9685
1306
2436
7256
5378
7127
4560
6502
4136
1009
6179
6091
9058
6188
8229
1183
3673
1841
5342
3093
8602
6922
2564
2470
4822
6826
4049
9062
8177
5347
3838
6219
4125
8090
7449
7525
8089
5406
1058
2287
8081
4346
1785
4580
4992
9844
2070
5053
1444
2566
3934
8588
8850
6599
4451
2959
7948
3268
9933
1651
2368
7985
7047
6534
9893
6621
4379
2384
3058
2854
3532
9766
5400
4064
1607
7893
6814
4736
5536
3797
8594
8745
1158
2411
5501
6350
8542
2070
3059
7276
4207
3422
5569
6308
1554
3941
6476
5462
8549
2633
8508
2348
4134
7921
8386
4781
8620
8009
1495
6891
6466
3997
6676
4217
2761
6044
7281
5743
9431
9382
5281
6794
3716
5232
9402
2584
1154
8234
9000
6236
4589
7728
6167
9580
6411
1499
6814
6289
6348
4581
6649
7173
6590
9912
6056
7056
1731
7558
1257
8779
8641
7993
7009
6204
4554
5590
3740
1485
4139
5615
7427
1033
9140
7045
3189
5933
9908
1728
4508
8069
8198
7692
3425
7592
8075
8609
6352
7744
1900
7265
8424
5982
4761
2823
1862
4873
2499
5366
3706
6683
6966
7138
9913
3715
1275
2361
7392
4228
7788
8859
3325
9279
3144
4522
7289
3519
3427
2766
1222
2267
8909
3325
3542
8443
5371
8087
4425
6967
5968
3692
2655
3625
6788
9317
7771
1239
8125
7534
2640
7465
7331
9457
7542
6764
7367
8065
3339
8961
8143
4757
6476
8055
7269
7264
9703
4126
4144
5304
2925
1136
6081
7451
5422
3529
8161
8006
2209
8642
9170
6637
1909
9550
7017
4641
2281
7563
7700
4458
4446
5165
5579
4303
9937
1878
7651
7884
7535
6962
2686
1300
8281
3385
8148
6116
2116
3748
5437
5593
8321
4722
6671
2442
3550
3290
3335
9465
7130
1675
6305
5618
6187
3466
4762
1349
2879
2938
1338
9597
4839
6894
8508
3729
5946
8030
4977
3558
7184
8955
4399
4574
8537
3912
6013
9189
1312
3590
5931
6335
4364
5878
1744
4632
8961
2262
7019
5750
7119
6689
3322
3406
5926
9902
1541
2097
1306
6110
8917
9951
4491
2249
9563
6145
4886
8168
1170
2642
7211
5634
9706
8757
2615
4999
4790
2915
1095
8770
4063
4634
3635
4021
4472
1019
1752
1947
1143
8019
3558
3249
5752
1208
3937
6973
4771
9947
5393
9416
5357
3642
5531
5444
4550
6466
1563
3259
8447
3741
9300
6796
1263
5562
6384
5920
7558
3308
5994
1824
3155
4478
5901
6537
8726
1186
7686
5902
5000
7587
4121
4799
3493
6316
9744
3376
9466
9880
8726
6791
6620
6020
5411
2260
6930
4369
6042
3414
4104
2315
6741
1624
1062
1074
8948
2163
4048
9175
3371
9734
3900
4450
5885
5429
2865
3055
7629
4679
2147
6818
4803
6521
2137
3962
3716
5633
2930
9703
2966
3770
6355
6360
7955
9672
5672
4082
4201
8411
6944
1146
1893
8972
6726
9713
4644
3066
8227
1640
3092
5358
8365
4350
2283
8188
7517
9815
9084
5876
9155
3253
2924
9440
5245
3739
2034
6607
5960
7574
3424
5921
1709
5143
5784
4851
2078
8496
1970
2966
6739
2480
4867
9887
7661
3240
1664
3384
7871
1373
3611
4061
2887
8526
7759
4519
9388
2968
4659
6002
1191
7451
9655
5527
4771
7311
7234
1985
5141
1385
7504
2922
7707
3554
8308
5991
5593
7696
4077
4481
4819
7064
1912
3992
4029
9141
7480
4802
1202
8384
5882
1677
6575
2355
3286
6866
4823
2401
6817
1296
8001
7720
6030
5619
7624
6057
6391
7345
8252
2178
9471
3659
6518
9925
7267
7621
8664
6918
6843
8109
4336
7694
8056
6295
2732
3599
4892
5277
3840
9521
5822
9676
9823
6576
1415
1952
9242
1306
1470
7800
4774
4603
3124
3108
9687
1080
2608
9496
5546
9035
8798
8838
5271
9647
6052
1024
4401
7245
4620
4768
8661
3778
1542
9096
2990
1389
9779
4467
1725
3502
9026
5405
5586
2771
9954
7838
8412
3059
3376
3805
3281
9357
3128
4961
6261
1262
2064
4616
5992
8266
9537
8734
5594
7847
5962
9130
1872
9861
1312
6348
2780
2030
6703
1915
9970
1208
1792
7676
7184
8598
9602
7263
3726
8017
7520
7496
3612
5569
4413
1296
9893
2545
7394
7827
7508
5569
7186
7840
6380
4654
6204
6858
5525
8120
8202
5309
5659
2474
9369
4183
5337
1148
7898
4888
6742
1675
6286
9323
8719
5526
2092
4145
8254
5130
7140
1806
8657
7972
1932
3190
3332
6716
4130
6380
4866
7134
6317
4420
9331
4200
8971
6675
3685
9054
7907
5393
7378
7876
6917
1349
6222
6967
9529
6083
1465
6822
6680
9753
4064
3519
7956
7995
7535
1079
9854
5166
6491
5085
8406
4989
9960
3917
4387
1041
3420
3494
8253
9885
4966
6020
2515
7260
7499
9409
7780
7790
4138
8755
5921
6512
1753
5129
2106
9413
5780
7896
4619
3446
9750
1291
6298
3691
3736
1652
4429
2374
1069
7969
5323
6437
1808
4506
4929
8492
4626
3169
9578
7453
1925
1630
5525
3614
4535
5349
9336
9675
7509
7287
7745
7562
9537
1871
1686
4059
1738
4535
2269
6127
1672
1196
2349
3815
3251
6394
8091
1370
3187
5156
2881
1550
7023
4843
8814
8633
7550
9671
7874
2604
9546
2216
1345
3406
3939
3514
7786
3437
4880
6133
4717
8315
3536
5987
5772
8140
1431
2073
9370
9852
7967
2695
2576
9667
6450
4529
7102
2181
8603
5632
7788
7228
1586
7922
4831
5830
7853
2885
7047
6223
6301
1793
4356
5394
2078
8969
7259
2263
2332
6048
5029
5113
3879
8920
5246
8003
4173
3466
7170
3860
1551
5187
4149
9626
5161
3973
4933
5541
5074
4939
3164
1656
4953
8797
6564
2580
3028
6856
2899
3337
6541
9077
8126
1691
3999
9831
4170
8522
1687
7323
9550
7713
1252
5559
1961
4909
1868
2814
9649
6169
9061
4600
9414
6892
3042
1649
5849
6740
9285
4824
8871
3094
5738
1862
1848
2996
6365
2694
4234
1742
9860
9809
7240
1714
8881
3020
7372
3447
6729
5208
9565
2463
5894
3021
4564
6750
6646
7940
2855
8856
9237
8859
4294
3724
7403
2115
6759
7852
4306
2363
6085
2883
9063
4962
6195
2683
4302
1117
6316
2742
9276
7291
9905
7465
4391
4000
5628
3672
4805
4079
6401
3720
8028
2155
1222
4504
8011
9459
2284
2837
9005
9144
8898
7503
8351
6900
8075
6016
6743
6040
9674
5715
2142
5175
3080
6294
5931
5521
2977
9633
6761
8999
2146
2917
8695
4693
2074
9491
8918
1647
2426
5880
7209
1374
1041
1974
9488
4562
8680
5375
8990
2766
6446
5993
2521
5365
2261
8137
4409
6862
3260
3476
8910
1400
8522
3423
2133
1222
7147
2364
9614
8619
4374
9095
1293
7336
2604
3151
1147
4179
9729
5837
9884
5509
5221
1206
9823
1562
7729
3573
7601
1738
6737
2937
4425
5147
2924
5280
3617
2454
9562
6754
5975
6082
9937
4916
1403
3490
3831
2805
8424
8591
5575
5044
8135
2474
1234
1670
5420
4631
6330
9367
1930
7000
8483
4881
3366
6153
9617
1738
3783
1549
9880
7860
3407
5766
5595
7708
6203
2051
8208
8726
7410
3732
2636
6056
4733
9648
9902
7523
5850
1551
1511
3810
1482
4251
8821
9133
5630
9822
8017
2455
8165
4938
3465
2057
1891
5861
2358
1673
4550
9810
1725
6397
3495
9484
1556
6860
7443
8130
1525
7336
3430
6986
4000
7116
6182
3221
7700
9067
5312
9461
3136
4617
2985
9831
5016
4038
6728
2394
3762
4345
5768
8459
8293
1814
2585
6820
7980
3753
6506
2274
2077
7890
9379
3224
3454
8470
4478
9464
2774
2889
8020
5091
9655
8665
6614
4321
6534
7259
7679
7951
4932
6193
4628
3029
6652
9264
4260
3135
2963
2916
2847
1716
7713
2668
2313
5139
9088
2264
5231
9220
1187
1481
8641
6008
2039
5553
5200
4452
6125
7305
3588
7912
2594
4274
5877
7663
3657
7566
8316
5059
8213
5813
4368
3575
7214
9151
8798
4456
8482
1093
2977
4710
2614
7180
9165
2578
8127
1499
1159
8355
4781
4779
6598
5619
9675
3049
9812
1843
3188
5251
1173
1736
7522
7755
8301
5524
1073
4677
6762
3921
3786
5475
2004
2988
5617
4592
2185
7132
9440
2857
8131
7159
5896
2140
3212
1073
9878
2023
9239
2988
6534
7492
3245
8170
8000
4577
6344
7763
9618
7287
7699
8026
3367
6818
3154
4945
3017
5771
2886
1901
9969
4802
8459
5350
1602
8590
7438
9180
5168
1838
4657
9879
5125
7553
1584
3127
8310
3126
1583
4232
9191
7523
7636
6601
3296
8368
7896
2169
7544
1278
5268
9389
7655
1596
2162
7294
8774
3291
1675
4490
8194
9304
7542
2443
7103
4985
6181
7135
4441
2939
9176
3578
2545
6110
6062
3148
7196
2808
9246
2718
4403
5406
2026
3146
2417
8875
6631
1396
1813
1297
8964
1967
2081
4121
9123
1989
1664
7135
3444
8282
6326
5346
4813
4805
6844
1320
8185
3236
5636
9343
6525
3270
6550
5963
3861
1773
6244
8770
3091
8776
9463
5093
5822
7903
5725
8889
2772
3536
3902
9853
5112
9446
4272
3906
7549
6774
9291
8985
6470
6581
5254
8970
5062
4514
3895
2078
2902
7347
3979
4428
3121
2806
5326
2300
3330
2204
2414
7811
4895
5702
7689
7187
4356
9667
8949
7289
5147
5628
3436
8809
6948
6773
1623
8684
7355
5420
2536
9499
7531
8551
2548
8714
3972
6115
6069
7206
7220
7508
7987
2098
5186
5986
5308
9897
8916
5281
7301
7612
2770
2915
4414
5695
2664
9275
8243
3320
6717
4450
4203
9499
9810
9434
6707
5297
3945
4875
2915
5341
3392
9910
4540
1598
6685
8781
6068
8018
7892
1298
9464
5054
5839
3058
7316
5785
2925
4621
7630
6779
4093
8396
5671
2470
4558
5393
1625
2682
7159
6010
2738
1176
4792
4574
2298
1929
3244
9547
8425
6131
9131
8978
7712
5649
5287
5772
1883
1076
9495
6073
5360
3232
7719
8671
6026
5554
9051
1932
6500
2891
1527
3651
7801
5387
2930
4327
6535
7233
1477
2502
6394
8240
2633
5167
8167
4910
8813
7645
1473
7276
8806
7140
3679
5673
3406
3274
7457
2651
4940
4129
1371
8942
6390
2946
7205
2042
4660
4467
2836
7796
3335
6703
9640
1151
6510
3323
1990
3238
4004
3301
9333
1516
6528
6385
5803
5239
7947
3556
1843
7449
3567
1669
1945
9305
3304
3284
9907
3117
1561
2014
3550
8140
9245
1070
1691
5897
1713
6714
7785
4239
1139
1102
5455
6598
9572
3574
6848
9663
8255
6312
9361
6611
7479
7263
4808
6772
6601
6131
5491
2602
9167
4399
5965
7628
3271
2792
6715
5429
7497
3148
3949
6941
6276
4000
4349
1154
1388
2609
5892
5285
8407
2667
8395
4855
9984
6223
5421
6862
3277
5397
9844
8530
4078
7396
3291
6910
7148
4864
3091
8957
2677
6235
9019
6274
3814
1157
5944
1255
1348
6285
2111
7060
8705
6470
6517
6959
7884
7290
8438
1008
3178
4362
2996
9986
2540
6316
9040
4909
8463
7735
1372
7440
6900
7106
3592
1472
1454
7702
7799
3161
2848
6636
7593
3615
2306
5688
9952
4491
7792
8387
1511
1844
8424
6278
4983
4329
2976
3473
1058
5206
3376
4529
2256
4518
6718
9977
7697
5603
7066
5320
7120
3746
4350
8158
4328
3866
9399
3938
5126
8195
7902
2231
8432
8396
4508
3509
8947
9629
5811
8491
2795
5224
7217
7190
9224
9430
3098
9981
5349
4858
8002
7226
5061
1434
9057
8411
7383
1386
9508
1814
6433
7316
1482
7479
7443
1668
9583
4803
7800
5236
9637
5691
7905
2673
9259
3189
3201
4676
5648
9032
8982
8389
1605
3741
8934
8472
9804
6992
5957
2339
7741
4937
1757
9065
1614
1454
3561
1242
2278
9712
3147
4045
3948
7219
2401
1710
3608
8776
2025
4672
7206
8464
6813
9940
3785
7006
6407
9595
1966
8754
8817
1504
8975
3988
6438
8425
3258
2588
7931
2820
8593
9591
2064
3526
2572
1287
4566
7805
2360
6003
4068
7637
9884
2859
2451
6485
3055
2981
7713
6871
6286
8773
1699
2907
7370
6400
2185
3115
3103
9622
2712
4095
9255
4206
3843
8884
7366
6720
7461
5513
5281
9666
8597
9673
8975
7831
3958
8774
9098
3836
8163
5079
1865
7554
7617
2283
3744
5280
8898
2472
7979
2581
3116
2765
1750
6558
9974
3368
7700
4748
6623
7427
9344
2958
1486
1346
2874
4644
8793
7806
8352
3511
3151
4849
7324
7851
5901
8445
4032
3775
6568
5861
8838
6845
3115
1522
2273
4919
4706
4138
2508
7342
3805
3245
5534
1585
1469
8264
3825
2138
8030
4179
8584
8231
1318
5547
8407
5747
2532
5442
9370
5209
7467
4103
8789
1895
9351
3911
5838
5517
8497
7394
6878
2659
8905
6400
5590
2697
9040
7076
9951
6570
1347
1060
9339
1746
6363
5367
5677
2538
7645
6462
5670
2105
6966
6787
2102
6317
7678
8605
3863
4215
4403
6550
4566
2479
2835
6240
9116
1582
3449
2312
5955
4532
7798
6425
6020
2230
8817
8412
5640
4431
3991
5023
7938
8581
5409
1272
4924
8566
1037
1300
3860
6926
8301
9869
9368
3276
6228
4002
2026
2089
2658
4382
2735
4197
1138
8918
1168
4506
1202
1206
6887
2915
5036
5686
4885
8848
8198
8473
2908
5061
6033
4899
5235
6620
1766
8675
5184
1821
4857
9903
8411
6895
4067
6121
6512
1854
2133
1608
2180
6651
9122
9046
7149
8780
6725
4815
8129
8840
9650
7109
5229
7062
8631
1147
3646
5173
8251
9931
8127
5545
4103
3926
8001
7719
4773
9379
8140
2225
4616
3294
2621
2623
1852
8643
9861
5360
3047
9641
9803
8721
5973
3521
8514
8650
9043
6414
2182
9540
2637
5219
1843
1711
3347
2494
1525
8499
6123
3154
8289
1331
4576
2428
1978
2012
1374
7406
3241
9562
3953
4550
7928
6631
3137
4310
9468
4931
1314
1049
4955
5989
1766
2042
5987
6202
4472
8492
6238
6446
6728
1255
3774
3746
7850
7217
4040
6509
5008
9835
6678
9022
6923
1682
6675
1091
1941
3904
6742
2518
9430
4979
2221
6132
7754
5022
3754
7378
8278
5426
5283
6204
5907
6838
1791
7744
7750
2009
9658
5504
7641
1062
8015
1230
2181
7182
2834
7526
7863
5195
4540
1895
3171
8511
8194
4879
5107
5648
2658
8900
2745
8152
2969
5141
7560
8473
8670
5038
7407
3405
7547
6536
2650
2945
6627
3718
7461
6263
7392
4571
1645
7164
3218
4387
4630
8534
3575
8462
9557
4774
5782
1260
9367
8434
5321
7414
5377
3642
8610
5683
6357
7319
5811
7220
6818
6358
6120
2895
1259
1811
9189
4731
6063
4159
9083
3607
7475
9559
1661
9843
3142
5820
4544
8327
6776
7147
1289
5587
6984
6097
9363
4263
8740
7404
2449
6732
3663
4908
3994
9863
1495
7878
7848
2905
8946
5093
8053
4040
7298
3011
6858
1846
5353
3740
7210
1739
1883
3613
4222
8139
7398
1669
4633
7205
4958
3455
4090
3052
2673
5829
7421
9155
7472
8122
6063
4289
6862
8256
9464
7490
4196
1024
5253
5649
5331
9236
9821
2433
5671
2658
7204
2664
8032
9352
3092
2077
2494
7413
1450
6010
7549
1828
8264
5715
8044
7898
1440
8848
1067
2068
5136
7086
3235
7618
1143
8234
4822
6504
7972
3848
4958
6645
4442
1239
4329
4882
5029
4875
5372
4213
2584
6263
6773
2241
8228
9235
4216
3689
7621
2708
6957
5154
6875
3780
3068
1190
4541
7436
6077
3019
2495
2436
7180
5420
5165
3585
3088
4522
4513
4594
3788
2510
4045
1210
9463
1987
2043
8969
3299
3959
7193
6745
2700
7287
8864
4917
8571
8099
1939
4686
9129
7313
4283
1356
4868
5102
3752
1146
5919
9518
3871
5394
1807
8914
5399
4038
7547
4269
3567
6597
6183
3848
4304
6823
2560
9210
6813
9970
1109
6229
6080
5547
3152
9670
9744
4812
1441
7455
3394
7462
9902
8170
1017
1801
5737
7969
2711
7905
7384
3836
8636
2785
5013
1766
3092
6951
6830
2510
9350
6978
3771
6352
7533
9732
1212
1218
5942
1374
9509
4471
8175
3878
6882
1835
4762
2215
7288
4990
6635
2812
6501
9561
5835
4505
1208
4000
8016
9474
4884
8815
9558
6385
5035
8122
8676
4724
9707
3003
6312
7494
5761
2270
5371
9472
4295
7859
5580
2803
5018
9205
5788
3378
2828
4970
9109
3512
3009
4077
1156
4082
7094
8500
5089
6090
1794
8049
9914
2918
4722
8622
1630
5115
8531
8264
8501
7622
2142
6478
3368
8638
4855
1602
1825
4829
8014
5735
4291
5915
9483
9394
4265
7994
2050
5483
8231
2744
3742
3537
2880
1133
1507
4484
3013
4089
6442
7668
1958
5860
6241
6207
2611
5070
6847
4357
4904
9977
9337
3787
7185
2286
2383
3861
4731
3122
6115
5584
3008
6717
6348
5219
6448
6949
5863
3769
4580
3925
1978
1293
1086
3583
1099
6364
1017
6662
2946
5787
3961
1982
5104
8421
9356
2496
6239
4858
3323
2639
5852
3921
9309
8188
7956
4168
5219
9954
5649
1629
1120
4753
3676
4906
9670
3279
6533
5000
1476
9208
6057
4133
6215
6442
6009
4726
8917
7731
7628
3258
7035
7140
9728
3103
5609
1859
9502
4114
1759
4024
3959
9987
7881
2453
3957
1780
2993
9094
8888
1702
2825
7582
5638
3678
9531
3897
8410
9794
8064
7047
6893
4477
6636
9228
9861
7200
4763
9966
6679
4846
6950
2286
8008
1101
4416
4691
6108
3247
1491
7220
9908
1563
8190
1974
1960
7090
1190
5917
7976
7855
7841
7462
2618
3177
1407
6069
7233
7183
1561
6747
4753
8578
7497
4464
1554
8259
4493
5012
7946
7362
3150
8718
1085
4450
3877
8934
1571
8502
6953
1734
6109
5272
6008
1222
1211
9825
6618
8419
5361
3775
9773
2560
8629
5805
6018
1207
8785
7722
7664
7561
4455
7893
7882
1878
8327
5094
9544
8106
3433
5344
1811
7599
3763
1048
2916
5505
7986
6260
8660
1502
3146
4042
2279
7169
7240
3764
8416
9048
2647
3951
1369
6368
8572
1559
7664
7046
6494
4709
4150
3885
4226
4083
3351
6807
5566
4655
4401
8049
2646
4329
4192
9876
2423
2626
8502
9819
6081
6869
7236
9485
8399
5904
2473
3399
7635
2444
8948
6894
8376
3220
8885
5972
7024
7196
6000
1702
8561
1840
5097
8529
7940
1806
4761
9153
7268
5133
4716
2550
4868
1308
8155
9405
8929
5218
5016
6921
9810
8861
9439
2053
5344
8003
8315
8708
2805
9433
1238
2741
6999
4569
5464
1020
5225
3730
3495
3755
1927
3099
1522
4979
9149
5756
6885
4029
3982
8189
9946
4659
6860
8903
4645
5365
4884
1056
4533
5571
1987
2006
2761
3133
7508
3292
5522
2365
7630
2877
6778
2684
5979
2598
9360
8015
6242
8830
6343
6681
8035
7842
1939
8586
6889
8516
1969
8788
5592
8532
1380
5697
3388
9828
7792
5386
2216
9284
3403
5317
6460
5408
5409
9090
3667
9735
1715
8090
7708
8182
4695
6436
3363
7262
1559
8408
9044
9766
9272
8115
1466
9463
1010
9209
5398
7644
9136
5586
1265
3992
3863
7559
9922
3781
7381
6126
5837
7566
6693
9899
1379
6778
2697
5614
3097
9825
3779
7320
6701
2212
2974
4930
9624
5679
3928
8911
4713
4040
1439
2439
9913
2818
8548
2415
5425
4482
2390
7960
4964
6732
9145
8041
6845
8241
5794
9821
1636
8820
8640
4561
3366
5084
2566
7350
6662
7075
8681
6658
6618
8301
7238
1466
5696
6648
8581
4806
5603
7946
5293
6368
1577
5348
6974
8079
2777
6693
9489
5008
3444
1967
3748
2851
9275
4119
2672
8390
8589
2002
3647
3107
4678
5156
7903
9865
9633
2681
5779
8456
6100
3108
6176
5467
8509
6761
7945
6653
1073
5474
8074
7887
6874
7740
2113
4024
4956
7673
5423
4414
1147
1533
1545
9207
2682
6137
2873
5073
6364
1057
4688
9647
3192
5081
3589
5448
7200
2150
7108
5678
6682
4104
6491
4662
3337
3038
5586
8685
7980
3293
3907
8064
4683
3075
6728
8195
4518
7156
3305
8017
4276
3244
1394
2160
1533
5788
6249
3082
4792
2646
2729
2131
6692
5866
1833
8585
1051
9230
4373
7851
3023
8101
8020
3918
2633
4349
6729
3744
1977
8400
1684
4923
7622
1846
8580
3941
7545
6635
2218
2805
3684
3263
3884
8001
3676
6080
6397
4266
5700
2122
8628
8066
3258
2703
3522
5646
6220
4583
8448
8075
1419
3343
3315
5692
3796
9128
8961
1983
7334
2789
5072
2164
2131
4680
9894
4145
6664
5424
6859
7256
8191
4947
1614
5873
2034
2215
8858
6362
2494
7043
5819
2109
8603
6792
1677
1227
8042
2635
1093
8876
9478
2184
1065
7448
6074
6402
1635
1587
2115
4859
9538
9040
9743
5420
8251
2974
4091
3279
1895
5789
7108
2356
3588
2713
6199
8724
5645
5613
6705
6229
8513
5880
8540
2453
5089
2531
5514
9831
9767
4653
4814
8935
2488
6369
4343
3875
4510
3871
5746
9465
7292
4165
5379
2904
3593
5656
2850
3018
7842
1498
8778
3725
8912
1493
7489
1997
4723
6848
8294
1559
5058
1644
9543
3753
5736
8416
3597
1785
9119
4413
4625
5362
5927
4933
9715
9518
8233
7054
1654
3944
2537
3133
7016
2711
6419
6555
9041
7603
8365
6469
4377
2295
9962
5569
5632
2311
9938
5537
9750
7491
2128
5220
8780
3068
7557
4363
8864
7868
8452
3971
2797
7877
9792
1281
9916
1003
9490
6074
3162
8247
6420
6620
8032
6535
4691
6634
1170
3228
2128
6674
5640
9588
6809
3318
5611
6402
1654
2973
2331
7837
2546
1287
2593
7263
5065
2083
3086
9073
1928
9415
8576
1521
4228
8288
7403
9651
3948
4281
8014
7592
8433
4840
2485
2942
3859
2633
5875
8530
5063
6164
8145
8994
2319
5140
6938
1044
3803
1772
5733
7487
7409
3701
6580
7116
8334
9954
1790
5963
2084
9476
5086
8183
5791
3737
4739
6171
6666
9688
3718
5651
7792
6441
5825
3162
3777
6784
9976
5740
5348
5787
4292
1662
5060
7881
8539
1999
4759
9826
8002
5353
7402
4260
1256
6291
7742
3511
6729
7614
9669
4615
9801
3067
1285
6330
3835
5553
9497
5843
4624
7889
8671
8532
8116
1765
7871
9035
6637
3865
3679
6540
4905
9356
3239
6841
4301
4540
8277
6404
3861
2367
3554
2705
8668
2682
5102
4880
3002
4340
3147
4503
8710
5301
2735
3766
4478
8643
1081
6607
2557
4123
7212
1100
8040
9672
5507
8203
9334
9995
6366
7696
7575
9228
7781
8472
4082
2955
2405
7332
2550
9682
6248
1477
9479
3439
8133
3464
2970
8329
4955
3368
3838
6644
9003
2550
1730
9673
9235
1852
4824
1165
4593
1297
3860
2580
8178
7542
1709
6994
4137
7083
8144
3462
3616
2556
3950
3028
1132
4681
8079
6742
4910
4485
1211
9895
1369
4526
6041
2058
9054
2732
7192
8594
8993
4003
2968
1683
7822
2269
7095
1399
3554
5091
4832
9847
5427
1779
5737
5856
3864
5098
2271
6031
3385
3692
4137
3582
9613
9389
6051
1801
6577
4393
3339
3883
5636
7918
5503
9034
5771
8957
2764
3290
5830
4700
5577
4134
5390
8945
1983
6437
2409
2469
8730
2175
6428
4682
8900
2332
5538
2601
4319
7167
4019
4967
9057
8013
2106
7661
2258
9693
9511
9461
3045
1603
3828
7726
6849
6236
3397
2269
9753
3186
1335
9733
5517
6132
9012
6903
8036
1575
4263
8786
9768
9076
6861
9683
9391
4288
7878
9589
3247
2817
5950
3689
8716
6654
5163
9202
3932
1269
4376
8219
9874
8362
6452
1772
7548
7237
4370
3207
4171
8453
7678
1843
8220
8631
9790
7247
2269
8548
5633
1062
1259
3724
3188
7725
8919
9038
8528
6191
5658
9885
4667
7273
7087
7946
4923
9832
4519
9666
6703
5370
7795
2577
3539
2931
4290
7467
8279
4089
5330
1213
2299
4016
2668
6308
8960
6012
5461
6138
1535
1946
6835
8138
7686
9445
2449
7361
3317
8536
7961
6008
5939
5395
1283
7946
2110
2309
1513
5536
7077
6304
9457
8785
6627
2683
5398
3003
1192
2631
4978
5849
4786
6748
4320
3996
3799
8108
2244
8884
6275
2450
7768
7275
1129
5559
2505
4918
5223
9065
5963
5030
3749
4771
1179
2646
1301
7386
2097
8542
1186
1047
6987
1448
9236
6587
5388
4420
3118
3826
1863
5416
1463
6015
7576
5203
1860
9881
5470
1375
3805
7232
5648
2228
9817
3258
4935
8374
9983
5678
8014
3667
4760
7452
7595
4291
8821
6943
9926
2767
9626
8505
2839
7956
8203
2608
6444
6386
4024
6733
9643
9162
3926
6346
9786
4178
3011
6476
6133
5994
1059
8168
7781
9020
6573
7877
7951
5452
9862
5048
6617
7706
6688
5361
8237
4290
7837
9910
1066
4031
2280
1799
6800
4897
8686
8088
3460
5525
5540
6306
9111
3533
2441
3112
1870
9341
8016
6737
2642
3393
9133
9115
5649
5029
3801
2626
1709
4613
6522
9026
1146
5050
7248
7258
1009
8931
8644
7339
5754
5219
4919
1309
2751
1809
5123
8147
4112
4056
8426
8581
5378
8005
3949
5517
2740
7905
2339
7923
3690
6969
4794
9610
4831
1709
4227
9647
7800
9019
5295
8379
9094
4982
2546
2949
8628
3089
5832
2984
3654
2993
4263
8347
4471
1378
7773
4414
4200
4047
8954
4305
7959
7704
5107
2890
9132
4197
6070
5766
6762
6525
9683
5513
1535
2893
6758
1593
6447
7003
5101
9752
8000
9131
5119
2370
3127
9470
7441
8329
3624
4968
8996
2267
4030
2991
1281
4508
7582
5513
8113
8820
9242
8318
7647
5890
3885
3676
9953
9229
1784
8509
7286
5307
5509
1634
7224
3200
2687
4609
1995
2087
9981
4410
5569
8515
5005
6250
6851
8325
1535
8902
7168
1141
6529
1408
6109
7011
6384
4216
4895
3472
6786
4028
5225
5001
8746
2735
4839
9557
9121
8422
9329
8467
7529
7193
1092
3180
1423
2852
2519
5218
4605
5216
7047
6199
8569
4289
3988
1819
7135
7752
5719
6467
5901
5243
2779
1160
3177
8727
9379
2286
4206
8267
3502
4312
1012
8884
3374
6454
6009
2338
8216
5035
6577
6558
2027
4560
6729
9919
4634
4349
1150
2113
2851
7915
3929
1250
4588
1348
4517
4127
8661
9956
5779
2454
8203
7050
7413
2057
6808
8866
2663
1465
4943
6716
7632
8872
5698
5341
1169
8888
8724
8151
1407
8990
4559
6320
5039
4477
3956
2203
2626
8578
5454
9196
9430
4336
3141
5625
6628
2490
9869
7920
6328
5756
4164
8345
3296
7358
1741
3267
2187
7610
9133
7303
1968
4410
7870
2537
8848
8621
2492
4720
1512
8867
9383
8553
9267
7497
1398
2067
8364
3482
4380
4639
1298
5011
9788
4847
8852
2725
1156
1802
8775
9064
1319
9142
1492
2431
6961
9480
3603
7692
5087
1696
2666
9505
4874
1944
2392
5866
5116
6117
5542
9607
6360
2024
4289
3185
3411
9878
3270
3733
9029
8765
1707
8077
3314
5100
7050
9596
5059
2908
3435
2822
9297
5140
4199
3771
6715
1119
3766
7604
8355
7768
5109
8939
6448
1153
8203
1861
3425
6164
2767
9732
2736
4923
1152
3850
6587
2097
5194
4968
4226
1593
2092
5501
7115
2075
2515
3750
9988
3003
9366
8772
1578
2994
1846
9436
4625
3270
7582
6384
1129
4417
7419
7013
9517
6814
7159
4855
4131
9348
9742
3134
4517
4007
5055
4502
7298
3601
4823
4257
3485
9598
8782
5828
8498
4563
9249
9905
9758
6793
3288
1928
5840
2588
6613
3823
7213
9582
6256
7418
9008
9175
9629
8805
4441
3427
3399
2751
4603
8905
3986
2444
3665
8547
3528
1046
8767
5174
8044
5526
6244
4808
4722
4480
8723
1190
5575
5390
7262
9033
4752
4749
8811
8037
6285
5232
2535
5542
7323
9673
6276
4245
2027
1788
7638
4207
1565
4621
2478
8949
9072
6606
4696
3089
2000
8503
3062
1212
4587
1439
9730
8847
1978
8734
8201
6587
1998
9628
1334
4573
8210
3012
5828
2351
1302
3416
7103
6031
1845
2519
1859
6585
3505
2327
8943
1256
2616
1629
1482
4982
6410
1474
2790
7526
4250
4308
8820
6049
6717
2649
1628
9114
1940
2648
3794
6059
7517
8780
8969
3645
2385
9533
8166
3156
3379
1484
9013
4451
2548
4611
1874
5915
3468
7923
9997
6224
5946
8036
3447
3089
7950
5957
9413
2866
3113
5056
3174
6478
6557
9977
2736
1285
5776
9535
5867
8774
5467
8299
2261
4433
3127
9329
7830
3985
5996
8591
7553
2804
5696
6538
4136
7256
3537
3986
8190
4772
1446
6729
3799
8464
8986
2250
9324
2423
4914
5134
5898
9703
9146
8681
6275
9190
5692
1580
7955
9756
1022
5443
5101
1204
3541
6094
6698
4384
9303
7047
2972
6941
4440
5734
6596
8790
6814
1681
7515
3059
7758
8685
7810
7504
5755
6794
9260
5104
9290
1513
8516
1880
3489
8500
3688
2309
8861
9264
2337
1460
1545
2008
8418
1904
1394
3539
5504
8390
7955
1746
6849
8219
8352
5069
9301
7343
3481
9363
1224
8537
2409
7156
6448
9436
8603
6426
6609
7447
7962
7946
6693
4226
9268
1844
6199
3812
3634
1910
5310
5985
9821
9899
6326
3783
5941
9165
7620
1216
7889
3136
5372
4959
3373
3083
7368
8270
4811
4298
7619
4399
6990
7991
2256
6421
9907
7171
6114
1593
5841
5106
9250
7739
4829
2655
3299
1624
9200
3843
2266
9738
7197
2732
5005
1113
2279
5214
5121
5128
5288
8857
4342
1835
2554
6430
3922
2741
2617
8153
5690
7375
8652
7588
5639
8295
3027
9260
8468
1687
2489
2956
2590
5725
6487
9613
1962
1607
3938
3648
3897
3668
3403
4513
7104
2700
8564
9979
1898
9640
5231
3282
1821
8589
6466
3335
1373
3590
5429
4582
7787
6103
3709
9616
6032
4161
7247
6279
1031
4026
8112
3227
3933
7725
5918
3154
7363
8619
3244
1611
3211
9116
2890
9777
7861
4993
7702
1321
7371
6270
4586
7504
5008
8759
6118
9964
4267
1974
5521
8572
2019
7592
9519
5167
9938
3672
8346
1771
1547
5388
6255
8865
4946
6527
1197
1350
7200
7137
9297
1866
6394
1628
3532
2866
8090
2891
7934
3590
1155
2846
4884
2522
3318
9846
4456
6406
4331
1115
1638
3865
8828
8261
2185
6193
4485
1416
2937
1662
3179
3439
2520
9609
9583
7758
9918
8061
6732
3235
5679
7629
1780
8691
7724
6425
5233
1873
8192
1049
8195
6067
8447
1708
9700
2911
2826
4885
7106
3312
7813
1577
6803
4495
8905
5666
7038
4444
2268
3115
4016
3376
8597
1753
2935
3636
5996
5300
3266
2996
5501
5951
6625
2784
7787
3745
2287
8445
2492
6113
4181
5590
9675
4781
5329
6362
2074
3498
1644
8171
6070
4867
4607
6662
7046
1409
6300
6256
4897
1212
7747
9430
4862
2266
4931
3410
8597
5708
4600
1033
2490
6186
3330
2022
4496
4874
9482
4953
4227
7806
5401
3211
7719
3358
4099
7673
4791
2722
3472
2811
7636
2948
1008
1853
4356
1877
1594
2643
1652
1232
5435
9743
2108
8464
3811
4869
9651
2605
6176
4748
6065
9492
7492
8814
8443
2455
2789
3892
3674
4270
4228
4543
1969
8881
7970
8833
6826
5639
3765
3216
5024
9356
7589
3119
3473
5358
9807
1383
5904
7909
3732
8060
7656
2486
4237
2703
6876
7030
9202
2392
9159
1001
9044
7002
4258
4321
8904
2722
7671
1373
9339
2553
4178
6803
2913
5371
6519
2732
8705
7752
8620
4380
7555
2901
4719
4088
1906
5374
7799
3250
9610
7897
2823
1646
6677
4513
1695
3513
9688
9208
8454
1547
8434
3746
4339
2446
1135
8275
4661
9490
3175
9372
2081
5664
4079
6028
5107
4300
4859
9642
6583
5568
4269
7291
9689
3293
7539
5232
1523
3461
3017
8060
5737
7326
2704
4016
1617
8232
8734
3342
3151
9801
9097
8956
8609
2784
9042
6568
5401
4461
5969
4397
4578
3733
5103
2621
1017
1625
8980
4114
1635
2617
8929
4088
3031
1306
9388
4363
8292
2726
6394
7855
7180
2143
3280
6378
8409
8562
6340
8433
4541
3376
6529
1167
4923
1523
8983
6978
9181
7374
8192
2409
1518
3915
8600
5671
1360
8366
4361
8273
9238
8991
4615
3924
3636
4442
3109
3065
3848
1813
1969
2777
6640
2465
3055
4878
4254
6296
1333
9644
9463
7938
3912
7624
1086
6329
9417
7462
7626
5051
9630
4534
2539
6892
2327
8039
3107
1340
1459
1797
2397
9408
8210
1116
6976
5055
1817
7465
2886
7894
5638
4452
9236
7850
8505
3488
6035
6446
4308
9059
2376
4215
1404
6405
7232
2536
3277
3086
3995
2058
6318
3273
7838
2696
9999
8639
8106
6917
8645
5199
8298
8270
7034
1222
6847
6875
8948
3026
6198
6305
5846
6347
1999
8399
5941
2651
9453
4508
4891
2117
1476
7936
7135
7993
5557
8342
2483
6523
7727
5004
2392
2687
2369
3421
8014
6469
4290
3295
5259
1905
1521
7134
2904
8036
1782
3302
1875
2041
4165
3699
8625
3255
8252
8886
4016
5889
7159
6903
8324
1672
8754
3075
2447
1693
8249
5873
7381
2937
2428
7520
2280
3622
6446
9010
1225
7860
9112
3735
5686
6479
7323
4634
4918
8729
4716
4336
9134
8599
4528
6173
9093
6087
8430
6962
4267
5667
9549
8470
3310
8669
3970
4220
3458
8562
6814
7360
8846
9111
2353
3902
8969
9987
7914
6307
1062
2063
8270
8680
3418
9841
7235
4167
4742
6872
9105
3119
7210
5197
2017
6184
4960
7423
3701
8076
2080
5790
5450
1043
9579
7507
9034
1479
7732
3595
8378
5292
1986
6140
7684
2575
9116
7205
5102
6042
4999
3543
5861
1084
7605
2084
7639
3067
5040
6313
3588
9444
9389
4277
3599
7878
5779
7732
1771
6622
8966
4854
6344
6215
1701
9407
7013
5039
3227
2922
7909
6704
3475
4391
2908
1661
1572
8689
3380
8870
6829
2679
4400
8467
4528
1001
3029
2196
2140
1439
4814
8482
2007
1252
1178
4523
4468
9172
5552
3614
9290
7669
6593
9722
7499
1806
8669
3069
2658
5827
3436
5901
9222
3426
5921
2339
6388
2282
6308
3299
4286
4160
6320
2688
8483
6155
2769
1618
4673
1440
7549
6338
6283
2079
1241
3312
6194
6221
2129
2497
1935
8408
6055
2467
1183
7423
2422
8979
6784
4536
9644
5754
2565
6115
2402
1971
2004
2898
2198
6657
4440
9085
4134
6975
3216
9517
8890
2043
6467
8008
2712
2051
2184
5238
5178
5367
8440
6691
4837
5364
6438
2992
9421
7064
4646
9557
1218
8378
5705
9552
7565
6967
1753
5589
2388
3173
1182
2903
9783
5406
4962
8783
7601
8017
6237
8985
4420
6826
4833
4076
2525
9665
3592
5027
2249
9981
8745
1729
2922
3507
3564
8479
8327
5044
4250
2577
3388
3543
3522
8897
7727
5811
7764
8660
7144
7039
3575
4356
1346
5142
5871
6858
6173
2912
6966
8016
3428
2019
3040
9589
1773
1481
4368
5826
4542
4813
8612
9343
4047
6192
3128
6495
7284
4973
1753
3140
4246
2019
6647
8021
6992
3132
8084
5582
9754
7313
7170
2313
3456
2944
9113
5510
7125
3852
6709
8422
8484
8729
4759
6164
6319
8476
9808
3563
2200
1913
3254
6186
5246
5273
9846
2827
9452
7095
3639
8052
3424
7272
6762
4360
1090
3322
8856
3652
4346
2706
2383
9263
1590
1826
4433
3938
1005
2954
2872
2545
3934
3824
6899
1971
4170
3409
1252
8227
2744
3018
3780
1048
2473
7047
7679
8869
5831
2530
8214
7449
6749
8294
2825
1177
4863
9742
4043
7503
8969
7592
5069
8004
9146
5489
3775
6566
9074
2852
5566
2942
7986
2441
6217
8821
2037
5668
7659
3225
9917
3815
4562
8411
7978
8881
6867
8143
6974
9296
3337
3018
9866
8672
5206
4229
4016
2461
2316
1265
1115
5012
6346
8392
5268
5664
2836
2895
7214
4029
6273
2798
6227
5576
1410
8373
2586
5758
6215
7011
7995
3275
5166
4667
3569
9667
7347
1930
4352
9490
8322
7944
5297
4829
1053
3122
4245
1350
3220
1975
1631
2467
1557
4516
5812
7104
8262
5054
7704
4103
9478
4777
1919
6524
4596
5053
6819
2866
5643
5620
6736
5702
6869
1599
6249
4392
8888
1778
5944
6532
1826
6864
6498
7908
1635
8006
7340
7788
4867
9008
9673
3155
9594
8508
4727
9731
7659
9132
9527
3695
7968
9256
3219
4135
6897
1371
5325
9112
6278
5004
4822
9708
7115
1004
2491
6638
1863
5900
5616
1260
9928
7667
8333
4191
3089
7259
9765
7832
3160
1213
9484
3197
3593
5289
1131
6229
8960
6784
3734
5558
9437
5332
6618
5882
6790
6315
6337
2741
2800
9935
5582
6623
4089
9407
9520
4474
1928
6235
4085
8558
1829
9178
5573
3450
6133
8127
3480
5638
4793
9873
9318
1564
2189
5655
7970
4606
7677
4427
5490
8805
2301
6269
3115
9737
7573
2388
3431
6943
1396
8593
1603
6808
3743
5396
2486
7149
9382
6605
8920
1356
3841
4685
6808
3284
5580
2371
5756
5726
4523
5458
8588
6592
6614
2759
4572
1445
2645
5198
4051
4711
8233
8252
1792
5690
3268
3325
5663
2245
5306
2536
6041
3761
2404
2957
2462
3821
2448
7039
4263
2237
9720
9724
9582
4224
8249
1784
9189
2909
8890
2482
5058
9990
8371
5783
3528
3102
7624
4795
4571
2641
4411
4018
6208
3939
1116
8728
1923
8600
1296
4288
7972
3170
2888
3529
4150
8664
3994
5188
2071
5111
8091
1824
3469
5599
4832
6112
4117
5465
8767
4503
3930
3076
1793
9800
4273
3411
4484
8845
9272
5766
7656
1704
6986
7732
4210
4724
1381
1416
7626
3112
7586
8368
6326
8560
8073
1800
9195
8475
1753
6248
6830
7826
4703
4038
3252
5995
4739
7598
2798
4473
1743
9015
1728
9580
9631
1169
2743
3619
1352
7258
1265
4878
4241
3285
8630
4119
6552
1890
9963
4275
3193
4745
4231
1532
1661
3031
3426
5371
7628
8254
5377
3517
6952
4752
1526
3602
2728
6858
7947
2017
7416
5185
6679
1318
1448
4180
4617
5013
7457
3684
5580
4310
4420
1186
4265
1208
9592
5417
5426
3532
8895
4607
4582
1417
1566
9592
1592
2837
6876
9003
6261
5852
5953
4190
8326
3985
5482
1906
8297
5127
5017
4103
9894
2040
9749
6804
9963
6271
8097
1879
8814
4208
4842
5735
8619
1079
6708
2188
7853
5981
6893
1748
9138
9050
9567
8974
2071
7629
9638
1278
1067
2760
6523
7403
8981
2010
2471
3909
6786
9932
7549
6408
4343
9667
7259
6163
4361
8708
7343
5764
4341
4573
1042
5633
4872
7069
8648
6987
7355
5219
5910
1556
7490
9932
3239
3733
5463
6193
2707
9898
6440
1803
5627
9739
3255
5253
1056
5798
3168
8109
6821
3974
4863
2257
7465
8071
8185
9719
4219
7555
3371
6853
9413
7925
8680
8518
2546
9773
9670
3643
2102
3545
5084
2584
2898
7847
7121
5864
6794
7922
4557
5455
2587
1238
4951
9753
4241
3711
7070
2990
3486
6144
7991
8458
2823
3305
9742
6381
1437
2840
9828
9940
8315
3121
9351
3405
5821
8605
9907
2147
8023
8156
6679
6416
1166
9847
5602
6314
1447
3030
3401
2812
2928
7803
6739
1458
6579
5987
3686
9436
2925
6969
8090
7965
4642
9522
1052
6577
9245
5751
4155
4010
2688
6122
3826
1178
6347
4994
8027
4001
3612
1745
7696
4254
2795
7063
3264
6798
9271
6427
2675
3407
1715
2538
4930
6206
8661
6144
6651
2190
7626
7716
1178
7495
6108
8159
3584
5063
9104
5187
7117
5767
7336
5818
1080
8336
5666
2366
9866
5656
7835
3647
3301
3958
2114
4459
2868
8496
3740
1844
9277
7338
7667
8593
3115
8350
3012
8391
3670
7805
2394
2191
6594
7455
9678
9509
5349
3377
7649
9296
4853
2847
4223
1451
9064
9755
5230
9727
4337
5956
6424
2364
8776
1293
4861
4296
5261
2741
4056
1324
6466
3451
1023
5236
1550
3377
4648
6313
8030
8326
5190
9366
6010
5157
8894
4817
9137
1299
5702
9823
6643
7202
4721
3377
3584
1778
2570
8165
6879
3673
8229
5350
2164
4543
9141
6269
6688
4037
9208
5302
1674
5003
1354
4053
2725
7329
1430
1186
2236
2483
3038
5547
7029
3811
6432
3158
2512
8280
9922
3911
1236
3799
3913
8623
5806
6932
2530
7918
8007
2025
8688
2743
3521
3974
3976
1192
5383
3003
8531
9888
8355
1516
4736
1786
3911
5610
2844
2463
8196
4858
8909
8205
5243
8914
1534
1727
4833
8603
8923
1366
8042
7313
7871
4886
8244
8610
8142
1661
2697
3243
5123
9423
3098
9392
7784
7233
3946
2322
9360
5122
5021
4993
2298
5004
3635
8675
