15023
21888
67580
43799
44119
99022
41948
46101
77455
82467
20418
21462
47721
31845
66451
99662
73409
92734
78200
44786
82895
10499
18124
97136
23784
24396
93871
25025
26976
51960
49005
15578
38223
96291
56853
15582
33481
11600
35324
95141
64685
41882
98347
24798
87706
80103
44208
12052
81906
91932
44037
13208
45224
40220
15481
73907
80939
36500
38384
73169
57469
39863
44649
97759
14531
89040
55792
15837
19409
72801
78954
24826
60195
85718
97155
95594
25868
21791
14930
68240
89304
23589
96081
28021
32073
88938
65191
28036
82737
61995
66939
97490
12676
49512
99769
65499
82700
34428
32350
49162
13737
36646
37166
58181
36760
30085
51409
10880
99304
60765
34384
74891
20882
16350
83395
52207
87970
11605
64779
60744
91959
53594
21022
44990
21067
50484
45980
90874
15699
73488
19843
10248
32831
67413
85471
22835
55147
15471
64598
41627
70927
73884
77008
55743
69644
30410
37796
10639
24901
86257
56208
32081
45539
81414
26375
19687
64175
72079
72105
67945
19343
16044
22209
49593
23339
39280
59007
21247
56549
96392
60306
44400
25994
47602
32884
51975
97855
20545
75655
83332
15802
26856
74120
67790
64749
78906
87757
93562
81789
21775
20876
39678
87248
61426
20493
35067
39214
37226
62514
89694
65068
27555
13396
23540
29723
94389
51075
72811
58683
99860
82867
22196
15850
44791
47789
42008
21062
46577
92387
24864
16180
11701
70776
80192
44842
95453
73520
56143
71562
22738
91328
13418
98129
90407
67634
74224
52259
70935
59244
88537
84483
66235
63902
54245
67079
57616
88003
40379
82809
82090
82510
99740
22674
81513
66785
83431
36264
84815
80339
51667
35357
61207
61234
62327
14510
45230
81551
29610
49872
73465
12314
79041
82969
12243
62071
21555
83867
21371
28802
77407
64925
42851
38867
31561
65160
64217
91956
44661
29237
39782
25007
32109
46749
61697
29127
11686
21027
72448
15751
44788
19520
29621
38736
40330
10907
11664
85285
83531
51967
28057
87200
66274
72197
77959
91017
71135
76866
57569
71372
50947
55199
73473
72718
82395
65335
17897
75419
58360
75900
57529
25421
37209
63975
87416
99266
22657
29991
38646
47654
27015
74876
75387
15325
14718
29757
55008
83595
16685
49583
75868
34160
29622
13919
56710
21326
26092
92708
46207
73781
79341
11606
15335
12978
49395
98033
44264
56399
97071
35724
95088
24743
87088
46151
89132
45194
67535
47866
21522
74703
50576
73408
99035
71708
15461
56698
99971
62924
31072
95365
75600
15080
13712
24398
11727
73023
79160
19587
60747
46065
36545
40499
18018
98136
34572
93916
34712
50419
36341
53530
59838
60733
99040
72289
50213
38009
50500
77604
22766
99386
53487
17395
53177
51376
41920
84916
71742
57090
87816
62618
23769
96029
74855
47649
39959
26080
63187
25043
51291
54940
69774
83385
15905
57942
57832
79553
54464
11844
99589
56892
63686
42999
54252
86364
64924
55472
66208
74447
97108
24449
99807
37024
90021
23331
80304
27073
63354
52404
65763
60638
50629
52636
50299
68829
62485
40474
76216
69915
66709
13310
66112
71973
62230
35613
15184
79443
73400
80045
13591
42210
43553
63258
51575
93142
53970
43434
74519
83557
23861
88013
18819
21937
60151
43340
34666
43094
59632
85773
89774
14298
59747
80874
65753
94502
48802
98827
83932
66582
87271
52946
17946
59115
93677
26172
82121
21409
46692
31811
60161
78251
65889
37867
70218
83083
80395
15366
41362
11150
56780
67003
51323
41163
85161
76504
57977
16441
11496
67100
99263
49548
54633
89067
73376
93842
20715
37521
16549
11148
69199
66546
74656
25765
44320
91933
96418
96857
16706
37524
31529
37711
11289
11694
36417
22046
77678
12124
79549
86585
42600
40964
77577
36611
32819
72305
25559
61296
18193
41632
75157
82371
93538
75832
46766
58773
33812
76260
93948
48257
63828
22343
55140
70514
81491
31429
76773
89537
62869
70431
90266
97296
68703
78167
63429
87217
89654
11930
59873
76189
75050
44277
13666
58427
78069
18256
73919
89049
99496
22411
66684
55163
90797
42425
42077
18749
95003
23587
62790
95485
42234
22303
84936
16270
28935
69068
88674
92989
30409
53169
54097
39301
41846
54830
48185
42935
22606
78330
50658
45345
18441
76455
23613
60045
76991
10794
26801
84668
23672
52713
20463
25703
49212
16682
68831
56370
47821
28213
28380
56305
33452
86369
33325
45796
91997
52520
98784
14956
20156
71525
15665
46539
67449
98910
36941
29314
81552
81020
92292
45037
92126
13709
81488
96467
43317
29481
36886
33832
55568
90182
83711
89640
90258
31554
74001
52823
31119
56765
42505
21394
27187
21227
86029
37453
94367
12103
54541
39027
90071
69986
41818
95989
80481
55311
43768
43529
92589
66600
21501
16652
82095
15928
94159
15507
80265
68706
32771
30882
43076
19387
37556
99547
17926
63276
60042
27875
98145
23814
71633
60573
58435
23068
97390
92156
64510
25105
77273
40057
41094
35369
36259
75772
71237
48687
52900
35047
30694
67370
26023
49633
86919
65253
56918
23954
67699
95679
28849
83482
17869
16680
18795
39144
76174
53428
84700
17831
50200
46530
11332
17186
46866
62382
72166
49235
79714
20701
75994
70369
72806
50006
47608
54544
11714
88621
40899
37159
94957
20232
62604
47029
99241
51301
80407
77397
92040
24948
52956
81688
19338
87434
39097
36916
24307
21156
35681
36561
90769
72487
31785
46045
42204
46711
59219
97283
82338
11232
88285
32432
99871
70644
45566
17453
25648
26043
53533
67246
58680
37712
62026
72235
67036
94957
79982
99304
62236
80832
71312
29520
94889
93658
41644
38737
10581
83287
92928
77469
37137
46100
36130
74850
70542
77991
42659
34266
33660
20980
29190
71961
69074
35003
53357
40666
73134
44041
64696
22808
42486
79570
17635
45253
70508
80858
77045
62887
39960
71733
71865
39208
90065
89872
47344
53187
25423
10473
81693
72514
35181
26346
92678
57991
22498
41823
45875
95129
56543
91360
92354
45446
71969
94371
59391
77516
43331
70988
78162
29405
21395
68811
56139
23389
69723
44006
72827
17610
73623
67046
97128
39252
74040
31900
13666
84770
82453
40869
71356
99672
47435
83352
62172
60015
29873
18147
52125
34724
42026
92572
95778
98992
25972
39747
52848
28656
19874
65021
10439
21463
93801
36126
45007
35781
97570
52401
75036
23680
73571
14909
39926
83885
20629
87535
64644
73607
91849
92258
71170
29743
70081
55859
57092
69494
39464
13779
35701
83014
41437
48206
99607
27356
37657
78580
72848
62275
34409
84350
99116
10596
61802
75065
76744
47284
39489
14790
52310
17708
24547
23641
92513
97528
92749
67820
69079
52428
97483
27553
45538
65017
44867
15186
49240
21475
16323
52153
52073
60481
31470
29538
26438
87435
97560
38067
53722
31455
39042
71968
16886
55885
34167
23569
57543
41419
32642
90302
69721
91191
88566
99306
78707
86017
63774
19244
34627
50527
77594
36378
70982
75862
72937
68026
48809
90618
89973
96646
24034
95075
14979
57367
95932
93428
86163
99864
48882
89196
77033
50426
93173
50053
56314
12478
46245
64045
38003
14448
31174
20561
96391
41626
36770
43821
58351
64966
94015
83307
37945
23777
95679
78390
24385
17804
41670
22893
30598
21308
76424
46808
75408
56961
90702
94138
22666
18967
53671
13544
28888
22099
37829
86745
91696
75970
85178
84418
61198
60054
81310
42138
71322
99083
65261
94483
11953
10204
65745
22537
24424
51395
80644
86760
50971
78274
28518
32511
32383
18775
43989
12311
79066
68180
14690
49368
43380
49436
68267
74910
61241
44551
12726
48324
46200
17797
92132
39221
60285
90540
17197
20716
98354
66010
49955
32404
91440
86286
49074
85766
10832
71839
74380
38630
66608
39947
54430
77591
89715
92701
70765
35352
19488
78670
88211
88558
19553
43589
13457
22560
43491
73536
97197
32506
13503
12626
61746
62430
87748
85468
54916
92843
59239
88399
11658
26283
26460
56817
83664
58584
72355
33635
34642
35865
37708
34755
90980
55296
23825
26400
73021
19292
69895
24453
60985
31506
47876
50324
62195
36659
85710
31730
99831
90988
12224
23624
64856
21453
47564
50180
68751
16267
83025
71870
87507
71894
12941
89119
57612
30653
66346
26305
65187
98653
41141
56819
59092
73152
10748
55257
36876
81076
28222
60748
82181
66017
10334
15391
28054
42793
67319
23649
24669
51786
79527
17458
48760
27206
12186
15593
88354
89565
56042
17365
67638
78404
85218
55925
55124
14799
53680
67138
58205
53468
38112
60359
69138
39507
57904
35491
43654
73835
19093
34536
91393
74779
20075
85422
79441
94691
30370
29870
98410
94252
36560
53929
52189
87840
66837
52196
43149
54100
40484
99164
84158
51205
59525
27168
33500
73553
96797
44686
48702
63757
66056
92789
39042
94609
27963
85094
87282
76284
89278
32117
74010
14486
63008
91852
93888
35607
45942
79286
23287
52132
77272
90702
91706
23641
54180
81162
55245
10697
11433
26574
42098
94154
90293
91789
38906
32142
26848
26982
16778
67602
81659
55576
17572
46294
39287
54188
28169
90765
15148
76954
69398
94315
60103
87692
10678
15782
78794
80093
47769
16641
90930
62820
31260
79028
54521
17863
32375
54201
67795
96519
32018
43043
57424
87240
13105
26484
75013
37490
67299
33215
51719
12902
16978
91130
35533
89212
80611
24087
17458
25121
37682
96016
93009
32659
14507
36904
27347
14615
28039
31327
73139
33113
41867
36259
14509
29170
18815
86132
94334
22666
89088
78825
48233
70894
77434
85137
38848
40741
16995
93151
22766
68304
92203
25315
84735
18119
35413
33654
16151
85005
11335
98882
18103
35511
29335
52486
36421
19630
97912
28716
37670
81232
56643
90900
88153
78728
51603
99653
83656
18251
70996
19120
11426
76555
87985
13986
49394
47604
50852
36267
84858
25352
86468
22609
27063
55599
72174
49464
24561
94301
31547
43448
35869
32759
86226
34581
92913
92616
24200
80125
46871
97538
94110
65614
26283
98829
66832
96299
31246
40315
49546
67138
10417
66943
62391
40853
60466
87654
66853
72437
90342
73999
82112
70709
88017
92261
26914
36171
12165
34029
85899
37223
55038
37635
34355
26442
81934
18584
22406
38920
46648
88632
20041
84526
95775
57636
79226
53456
24013
83135
40124
29904
85939
65976
51484
44370
65922
58105
94618
86242
32838
39335
64053
63768
32177
17847
88848
99551
43438
28844
50027
59863
73042
21664
96687
85662
19274
62366
83756
65579
22603
10698
88472
65937
72299
67064
92849
45981
76313
63507
81538
30178
19143
91541
61353
21734
13159
11156
96828
11464
26307
51656
71716
83941
85292
20393
51753
49555
53500
89683
21918
62613
36251
14028
28834
91759
38546
72945
55857
95419
53108
63280
96002
32077
60940
22706
20890
81479
67348
73596
20675
73660
99156
19609
48729
41906
39775
40565
99688
28553
95863
65779
16167
59743
14900
72408
74545
44680
75468
33639
79594
29019
86306
74550
54041
27453
48298
29368
45184
74522
76730
69066
43999
38488
58754
81428
80232
79683
37074
75368
33902
17279
82748
38618
36017
16367
66907
22917
62329
48807
34991
73188
24719
34756
75817
13427
67306
52151
40160
44389
68382
94221
26456
98213
86383
11508
82607
70632
43688
98819
70317
73527
77981
48526
20698
59566
51719
10278
45103
19723
50517
98799
79608
95480
43468
88901
85633
51574
60527
48825
24139
72569
39874
60584
80781
94237
94543
84180
85847
93232
85802
78775
20936
47977
21453
68003
74992
87327
24243
68796
75716
18434
65651
60231
94618
96309
36149
12914
13448
16042
43042
78668
13262
35796
73435
61690
19507
76161
56706
95113
98298
97304
61728
33216
43987
77112
35662
74494
96781
75911
35334
69656
67877
31370
45815
82417
29183
27511
73394
25277
27149
23591
96185
71928
26524
70104
50438
98837
20437
13625
55005
27461
25621
29877
77351
72185
97917
79902
66496
23910
42534
87475
25446
37787
95435
95582
94405
67019
86549
14218
45334
50652
88972
75791
77787
18637
83431
34138
23527
39365
41156
91265
52573
64892
90151
14368
83149
17624
98590
13804
74340
34468
89895
85844
39001
42993
29453
19783
42861
89896
35264
65016
98145
44443
47551
24772
70637
50891
99023
41271
39463
66117
24886
98886
37764
90356
26327
26945
34048
13364
90683
81961
11831
81549
97084
23116
44670
69262
86744
56353
77759
90402
56441
66356
71335
83180
24441
25843
54919
35335
84877
31068
59813
89641
39642
44855
50937
29010
52927
38204
12774
99155
98248
17015
19108
28423
74855
66937
18182
53697
26420
98705
41802
24695
79753
20967
45115
90044
20473
52379
50679
48829
36400
76131
27710
16872
62135
59719
84243
59556
27650
40302
89762
90335
96995
21380
90846
49904
85107
94007
48874
30514
98557
81048
58729
17543
96274
69007
64200
72895
53534
89499
69985
95345
77440
12874
41183
14644
22590
29421
54430
73488
39793
17359
40852
43325
47014
61667
24917
37553
37325
21942
82943
46583
64375
66574
54392
53197
38066
65799
20716
52926
44074
31320
26132
33477
42171
68783
13262
20092
86455
32132
52471
52795
12209
92748
58199
19951
27958
44302
29355
48255
32950
54008
46445
34528
26847
94403
43535
22403
20759
58996
12046
34816
68533
68779
70382
64682
93146
23296
51820
95076
40393
77213
64413
24723
49888
41394
36660
86155
26042
18304
19028
36861
88099
50309
97503
43688
36202
58711
73826
16255
72107
89735
25822
85176
18686
29641
34007
87489
75521
72572
10273
27874
41485
98944
29774
39950
61738
60867
29166
88517
98514
41675
28094
99439
76722
55296
21133
31102
37386
60853
18605
93182
17330
90651
48200
76458
38545
30739
10173
70643
10673
11773
92278
55808
97751
58724
67869
20422
81767
34093
92853
93710
78547
52641
25148
51529
27808
77911
76736
82411
77632
24442
49895
74922
85427
11025
36017
16373
42373
37912
68479
17439
96438
78849
39083
71058
64210
70281
84260
54946
86520
48639
18725
69901
25939
95117
58861
44146
39930
16611
53662
67802
18233
63420
53578
55750
19163
21313
47620
78939
26774
35882
59247
97001
55397
84424
72578
74144
41768
17161
93765
99040
86594
89434
93601
25376
53272
50023
48070
99732
95026
33585
15286
78395
53596
90380
24110
81537
65700
96424
96042
14790
42645
21721
68565
46497
18211
44289
60381
26851
97838
75602
24830
37223
87895
70797
94975
38768
56758
97812
83966
37871
18361
39473
67511
65578
94052
42328
20767
34227
76488
11132
16700
31847
58212
71376
11531
30024
30376
92375
12221
52997
56574
16166
53502
36607
42803
11562
76555
87232
28676
99517
59091
79921
22236
94393
46521
68135
75513
99150
75315
49060
90001
80987
86444
51553
95028
18194
99380
85494
94674
86931
59633
98586
76593
44110
60510
18224
45867
19237
63150
73078
59548
27174
91991
33502
24484
42292
24887
70326
92171
76721
86684
12674
52304
53313
59963
14452
22689
93977
48232
49988
19185
58580
24129
61441
82978
45369
38959
37649
87212
26611
37755
58380
10438
49962
37014
14598
83513
20008
28887
17499
16396
50588
47381
68534
14209
93076
55789
84795
18570
85273
22246
37715
50875
93596
72749
49038
75734
33720
23940
92499
21791
88356
97808
65376
73109
58425
99128
22019
26652
53146
58127
90859
22754
50261
44443
93294
25449
94894
28072
20182
52416
36949
84695
31401
79003
39966
79139
18100
77699
51558
59411
46202
14728
27151
71931
94157
35074
53345
53085
11117
28555
85289
10108
38916
84538
73289
20107
83677
63692
50623
64828
14242
89867
40806
58147
73510
92182
48978
52026
83973
53851
30378
50699
96664
36512
53435
36360
61776
74336
92126
66976
46323
48513
36935
40959
99650
65974
60672
68800
62629
96246
13164
34010
66111
78561
85143
74795
79421
14980
33069
11184
44382
95142
46834
26342
20037
87308
70660
61815
68656
12588
95883
57453
45680
14625
90397
29455
84262
16316
33218
18325
57282
83337
61009
17071
23119
68100
52084
94673
89062
78125
37311
99786
59764
27797
34297
62669
81629
76936
56543
95599
77844
52898
19442
61235
16515
97909
78268
37377
36066
52233
53458
17114
12441
31066
56944
85401
53977
84886
21913
93128
61403
12620
20134
96038
35453
18849
54604
77791
19961
45775
22021
19308
54915
66679
70842
51481
41406
87242
42299
17707
86436
42349
36505
34846
31207
51591
56996
63694
67693
88797
16086
10767
16889
52399
56188
24688
80920
65447
12610
24992
87550
88939
67489
91800
87580
34540
22693
24895
41475
92837
16997
30328
59349
21073
64922
49260
78924
85615
76336
78856
97849
57955
30851
69942
95670
92472
85170
53627
30978
13408
85306
30365
83704
62125
43708
83453
86416
43586
51621
90872
91944
45021
74960
82413
58023
66016
41965
92893
21049
96756
32467
18856
90461
75785
32243
97866
11489
72732
68235
81184
10408
63136
35515
54892
59303
74735
30934
59443
10379
61147
72018
88261
40863
29298
45758
55801
83960
42823
52922
48468
68843
67355
65716
16792
58482
94732
81019
61582
31841
71815
61353
80966
78759
37010
69070
57019
15175
41644
88914
57389
64699
13928
78336
13077
89647
96746
11044
79895
99632
43606
83255
14906
26271
47939
15142
27686
80916
31544
84594
24394
48949
79209
83404
78962
52126
46837
59952
30117
67875
25420
10828
42807
49322
72281
37162
24433
68593
18051
65270
83975
29534
17409
56514
21134
20834
78713
91281
45909
24450
26478
17636
75019
18131
12025
33532
35258
90357
46527
19177
64537
33197
47574
19267
35794
24151
87080
47354
40722
75542
89280
42304
17071
83987
77508
10292
58346
23591
21035
41528
91056
50414
54805
32208
33240
95955
83698
64449
28085
88965
79812
39999
83724
30225
42984
10426
82617
28470
58145
99025
49358
48524
87310
53228
44137
76406
57211
40995
65785
68689
49462
19346
91316
26485
97746
95193
97523
66908
28987
24420
85319
44017
36137
43039
88874
58865
97167
52268
91933
24458
32156
80678
26828
80261
10992
97072
44935
89048
47421
46740
77417
74746
14815
74486
17462
59142
78069
99487
42101
26878
12350
96334
97162
57267
24583
40181
77267
51772
15765
36168
31150
70501
78019
32106
90325
43618
65276
42778
84137
66467
67290
50364
61079
77393
15701
77286
21819
31012
20555
40760
67283
85165
87178
95387
48236
31586
42394
57849
62492
91970
45598
27756
21180
24551
63382
83717
61411
85511
13238
91387
86150
80760
90547
98573
34506
40664
15776
19079
50676
64898
16722
84211
19804
78808
27348
70389
43973
85214
76878
90320
84292
94761
63593
44103
97322
92720
69924
60098
74988
23172
98557
77341
73227
14226
80512
29860
19885
30979
64947
79325
18929
11398
85060
44563
40262
51548
28500
44601
25371
76539
28325
68969
14759
73215
36388
19604
71808
53652
71806
16817
12795
20620
67609
13659
11794
16188
56565
82831
76138
22974
75414
88802
94295
29194
26699
97412
31273
63501
95240
14480
27652
64568
90852
78648
80858
15449
27532
62704
47759
51852
60966
40958
59374
82868
78510
28283
30194
47625
94161
56112
13320
89968
60319
51544
94244
92677
40270
68403
34132
99963
45970
83616
79130
26746
34180
11020
81302
61139
67851
75586
31272
38562
36055
89426
93240
53515
14240
85908
43180
94012
69884
85789
41715
15328
94581
93525
56457
49707
69538
16043
29484
88268
10989
40615
45899
29836
33148
31233
18072
43160
40362
86415
44138
63004
34250
22094
11455
70402
90767
56118
26067
78703
40660
88936
11440
59139
62139
22532
48227
95281
95485
51428
84754
53873
62786
82611
25981
56475
66600
11831
16902
85213
64035
13716
14323
18917
97818
68567
27919
52293
84615
78039
48927
46081
24955
31844
22253
29305
71621
94141
61681
14384
64022
48086
14483
64539
99169
73819
62155
95831
61767
83605
50769
50683
89438
70439
88190
58668
18061
80996
34271
67045
54455
40147
87347
13591
62322
14962
95352
62608
59027
65771
48313
88149
92191
12927
83931
47926
69724
66197
24686
96167
83263
30254
97222
55452
11717
82237
39781
26992
53339
50971
52564
96934
34402
94658
60387
81790
38361
44891
54059
71769
45468
36372
83628
80353
56155
99616
91556
34221
77027
95581
68658
90877
65655
79606
52415
17039
83437
35991
50232
46082
38554
75146
70248
15015
65553
31923
57112
61183
34887
89142
65478
13437
15907
86787
72187
41276
71019
24398
70358
97124
21277
64060
34932
72249
95486
71569
30519
94083
82242
32718
67798
84994
33733
61757
35544
45791
61515
91211
10748
43968
27262
23928
95449
45833
19981
50289
79956
56652
27920
27404
60095
51630
92952
15405
51440
49663
17501
88811
48640
61388
53720
28901
83300
76232
45373
78819
68303
39442
48756
91695
60094
10895
49685
87323
39349
32610
20865
23001
61159
70468
22450
21146
84958
80159
88312
37517
71147
20888
89019
57581
42781
45476
34717
27308
54591
47415
52704
36278
96295
75292
91513
72060
11073
86287
45535
18620
30825
56526
74998
13063
90393
29293
55858
44225
43548
57287
21422
14614
52991
90255
97353
97750
15139
76686
53448
45969
28236
16667
47698
29361
70346
44432
14789
72262
91639
40552
83635
75203
47974
63775
96258
59300
39323
18720
31907
14656
79077
71043
75087
55078
23547
60307
12180
25027
36239
73406
44713
73663
54931
84260
36426
30761
74715
75480
92029
60514
77467
22011
61712
35088
51892
48882
14990
74011
46693
98305
91937
60714
95528
75508
51462
27650
88200
84717
24140
82085
92858
84256
68631
70553
77598
30658
96619
32511
56165
43866
31679
45476
63575
34871
12813
57435
27712
46586
97332
13765
69007
46882
32685
14633
43990
33857
64622
76018
70849
39579
85333
43634
23965
82563
34963
52509
29403
98798
83381
67706
79847
37263
42318
96780
21634
87125
28285
48135
51622
13702
24105
50404
35949
39150
29345
95273
38341
37248
23597
10236
38118
89065
41140
16095
45776
79543
10557
20856
96513
68951
15966
21133
71678
93742
47036
17083
56904
17721
74684
81378
71929
45828
81890
96537
48135
33874
12497
32514
94304
54640
87138
23105
55865
42219
73986
59567
85985
45407
34441
94034
98084
88649
98577
33364
62269
15866
32181
59541
55455
89111
73353
19400
17655
99830
80485
36923
48940
90970
51115
16280
42067
47642
83458
78293
11332
58555
85809
84355
89991
50733
45201
32889
99326
22892
84861
80850
52382
77322
58349
82642
65777
27964
64433
33320
53781
15822
90642
62800
51527
27530
66181
11376
91996
87883
98600
31469
57293
25412
13868
57975
90086
52284
61177
85373
61636
28900
25343
45916
97894
79325
70613
81711
56728
23519
66707
51979
13854
44702
65338
86403
41799
73416
23407
42477
64630
99454
26850
77647
31505
43989
16652
42770
15519
19985
73496
18547
22851
67134
89466
47692
70475
81556
69607
29140
30275
78551
16217
74559
78510
42501
95831
45256
41252
26402
19736
32967
48393
28185
18041
60626
42851
61234
40706
73704
51467
92535
47684
18852
11891
94682
34057
30008
69996
94265
45081
81797
13149
82783
51912
79996
46194
14589
97119
70371
69656
34072
58280
51385
81350
52032
53005
78387
61322
29771
84785
55232
90622
47192
70755
75044
64297
81806
25875
33381
69642
81942
43035
48430
58561
27324
17497
30655
92434
64774
29278
78642
48486
51961
70631
49243
19518
86587
39450
57648
46769
52714
91542
95799
44050
65100
71135
17464
10879
82188
63040
17858
16111
53064
28387
56453
23276
88949
19783
18897
96340
23878
47484
88040
62038
23010
70034
89340
41566
34435
72113
39813
44062
90732
61107
48086
41636
61785
39434
44606
10565
92153
16151
52286
44539
25620
89596
51193
99458
35535
77788
94852
80138
90824
30325
94041
36225
40668
93899
27775
81981
12979
30166
53730
59943
83007
17301
14258
93688
37615
59701
72886
51118
60293
57159
48733
63013
48763
87748
83310
75268
65484
13129
59203
35529
27202
93530
95000
19749
39227
37292
26600
95596
17526
12896
22038
32178
36706
20920
71184
19992
18150
56749
46203
27097
86540
57142
19076
83737
89307
58666
72001
27187
67605
22648
29341
94277
83522
54445
98815
67073
63944
60317
50637
58284
29227
55022
22860
14358
63340
62450
43612
14484
25263
50782
44699
51300
29865
57461
85547
66051
69260
61306
16499
72116
90610
79099
47380
22837
23329
33244
26626
91657
42756
73983
58732
48670
44934
91979
34468
83652
22137
65510
35479
90549
21350
73928
45992
34970
81850
19072
54004
20661
87990
89037
50540
84376
79659
91675
77171
41036
31795
79774
51742
88419
44550
78615
55235
32093
84808
14802
79204
87340
80791
17214
11956
49645
90647
37135
33254
93414
13819
66900
25888
26686
90111
62990
20816
65083
36243
25040
13032
70599
16570
54447
18736
34122
79436
15340
15301
45524
68977
22073
27511
97836
83184
53692
71605
49712
52553
38628
39244
96854
29907
64958
17882
73729
66190
69789
43151
63756
27269
81710
48067
46173
82261
46841
24444
49831
80306
21521
96218
75189
49323
45169
12697
24212
56547
23493
81232
68116
58077
45033
73117
18170
57193
79794
81283
55237
72011
85772
40187
18413
56870
71605
45817
84592
86050
48472
20898
63800
73072
97657
57853
18077
73994
71780
86043
44022
74808
62318
41304
37109
38546
11694
66682
88298
96603
63945
94208
31914
96838
90752
86962
53058
19992
11103
79401
69259
51939
73352
78097
68690
83450
45920
27899
27672
53143
79580
47017
55535
33827
98500
93907
10432
82719
40360
55762
69019
37268
98448
78197
80524
45289
17171
20879
51340
99474
54036
78531
64403
47308
42131
42525
22250
38330
21102
48266
77314
23297
25818
72570
42029
63131
82813
98040
28326
83371
49445
32264
74489
45546
97774
20971
64407
67255
52413
14104
94233
48639
34629
53616
81529
89460
62212
88095
93994
10826
72441
96437
38796
65092
68010
97010
57565
68419
71345
18808
30378
25749
60186
25378
68459
70609
20473
21737
64210
54926
96286
28996
56249
57898
24759
66377
29636
43662
71182
52100
86223
31618
95355
47252
37289
26633
20101
71186
26758
72458
80161
27831
45333
31829
20935
47714
93203
62980
65707
79085
22242
47209
46134
73960
17362
60512
72759
75692
51091
82745
91681
35375
84315
94320
35251
30042
38362
18183
27519
73754
62505
30197
92566
54577
10905
75834
83312
41903
71100
59710
43281
74268
27454
16648
22706
43572
29768
93475
17028
27584
38760
93677
66851
79221
16276
65612
68880
63743
49125
93445
40337
99694
69419
27124
36238
79300
19287
22023
83118
73164
99017
15578
47375
60389
72895
42720
35677
75962
66663
19211
18847
40609
50868
58198
46692
47250
74635
98132
11864
19923
10729
62406
37985
34052
31619
69219
90800
56397
85871
11742
78289
22783
86206
86247
44796
57379
68074
98016
47512
95138
12685
63076
93836
31025
89392
68805
81879
49771
65943
12703
66089
99438
69657
84472
67422
58388
55101
56642
79880
67339
15047
47945
43753
21585
32147
12760
74694
69406
38176
99310
26925
83975
71588
40286
28298
49537
67729
21765
23137
75694
17640
48227
90964
85234
24316
80045
36271
25069
61261
52081
83745
28001
33843
23134
76865
31367
31632
93535
73111
25079
68987
91302
69525
49573
31448
43975
45938
98501
33689
78938
97357
91059
83274
54160
39617
47319
17123
81371
41345
60153
58574
31422
63044
23848
82520
35537
76336
21746
16445
67163
99336
76525
88136
70926
24610
55878
91644
96630
17034
81598
17875
57180
37825
21569
46033
31141
73046
99233
35213
11851
42703
40125
41715
53967
20524
64617
77324
23836
29923
86349
55702
11681
70841
74373
54285
90174
45781
20695
41962
49868
22918
45572
60830
45170
26356
56478
85674
69713
64355
44072
87818
61218
47989
53130
36874
75723
16404
49576
97293
85380
15079
25808
57478
81567
64134
78203
27858
24431
46773
26546
48297
24195
49228
80974
10214
74250
90730
58381
91498
51149
44580
97010
59085
54489
10383
36616
64115
30722
49148
85721
46228
78763
73006
70249
25427
99344
64766
42518
40295
23244
93406
96081
30435
34984
30070
62913
21585
58734
84401
80944
35431
22429
78231
18475
64533
28761
66033
65160
99649
73641
52840
49647
53855
43168
59849
87242
75550
27646
95431
51112
11078
27853
37493
10085
16330
94727
75536
20566
95333
22947
17051
41219
71428
70126
25400
17316
18487
54675
92453
49618
96471
53837
80809
45743
31506
55145
11043
23860
52179
62229
14718
93418
52068
27046
67982
73776
14046
87229
51627
79184
94881
14573
67373
59785
37014
55637
23513
17611
57127
29202
96257
72434
94776
37113
92077
82237
46634
19066
39191
96922
46018
21205
78660
31223
87410
15903
38052
44396
92324
55741
26980
44822
45172
58923
81816
66440
82088
95546
98376
37070
76625
47544
57018
76283
62839
40859
53111
47193
15884
28879
49689
89508
97670
92805
79862
99465
83126
68697
53235
17199
87081
37428
60766
14306
79304
27236
56071
77496
56210
98250
77148
65129
50139
71808
84732
59316
31155
98968
12084
28623
14403
94835
86135
20164
80334
81946
51237
77628
90647
27014
22211
71159
60682
66625
12896
86155
51467
72108
15274
41578
37092
94754
60840
58755
23326
82013
36727
19444
56155
25801
98722
17584
51533
44861
98175
15035
53330
26778
63532
97045
86768
27587
58959
48884
32059
54895
17079
71992
61224
81452
28718
85198
14501
53471
61211
58976
79399
28753
99860
12424
11596
32792
86997
80560
42787
19883
21977
66425
16690
27851
28915
68958
30579
61493
18246
44581
82288
17961
48655
55975
43342
52445
60821
94671
12708
33056
95799
19005
31942
80904
65609
50734
94659
51276
34296
33005
44591
14843
40233
31338
11556
52089
46873
23705
44885
70352
88352
10951
72927
20401
26148
27825
92100
61997
88869
39294
74873
52207
72281
93707
88603
22309
12986
75797
95688
82741
81277
23254
44367
85550
30792
24169
73313
10363
79102
94029
82116
86932
91751
78174
32533
29605
99434
22672
80515
74025
92575
48814
24834
37733
46652
23141
92097
91290
78983
51546
90127
73834
67419
29295
24624
61576
93448
99577
79498
54757
50699
65110
31372
27786
87057
62932
43126
42383
76888
88643
36745
74368
15661
83896
70393
60611
90112
27405
69100
87173
93737
52883
18467
70952
48171
21039
61509
21581
50654
93831
26105
35394
12590
51898
19673
22411
73285
31379
74274
76605
63537
22956
55914
35494
43399
33625
50863
70082
46711
35796
95560
19322
30929
22979
13091
26093
33307
84616
17768
38606
16130
68275
59057
93324
21247
88661
27632
84344
21238
99520
63771
86483
24084
21861
43676
68745
21315
68181
57957
50885
56270
43601
46244
48312
95241
16222
20609
86110
78339
81169
73921
19096
38410
68600
41932
78508
46057
20358
38778
92361
89950
48714
56225
38764
79198
16633
92396
80114
72976
32542
83061
65183
98914
26657
80579
85427
33626
56584
57049
68002
24731
28396
75000
21749
46290
79650
18638
11835
49727
40729
73070
99366
93174
17620
17465
89537
31018
63655
68822
97698
42753
99449
18026
23129
97784
79607
35194
75678
51023
54256
27805
32571
48719
49933
43150
30141
74096
25135
54833
17272
86930
75297
87483
91651
33149
51366
99636
46061
15746
96273
38470
85439
74268
96851
76925
50075
16719
53930
84328
73686
41570
95741
48381
77009
92558
60609
37359
80523
71016
46928
26968
37787
31462
82319
93026
72107
97878
37234
69667
67722
92253
19392
60370
48637
45277
97764
94641
38712
35203
27035
12961
88528
73591
65453
99219
44295
43413
31017
57179
28443
95655
55548
23953
20387
78748
80855
91678
63183
97892
85280
32164
12071
81046
47728
88802
64707
39545
16098
26586
32754
87103
56464
61757
23590
41753
29379
60638
27541
33412
82584
84178
37731
48040
50956
11896
15001
50262
18270
84688
35460
15317
44199
54638
42175
41245
50565
20826
69347
19569
98159
14468
17132
77433
62458
98758
50079
45106
48628
21814
21755
41869
90186
96931
74724
56566
79227
97688
48326
72359
62783
62590
84621
81046
23749
97067
38301
33100
91531
44133
82446
89811
45334
70100
32005
97505
79998
37311
67643
77921
47540
96391
16415
53016
21808
90480
55984
70382
16792
10754
27555
87954
69115
83513
75159
60170
70123
38121
94175
58440
67907
79998
28371
72230
42094
12551
39934
42886
22197
33279
21422
55313
40690
22691
49536
57298
52868
29980
62553
15613
26203
48876
74042
13401
14515
61560
77913
80239
62930
64822
22644
15488
43228
20532
26582
29736
58210
26917
69633
45855
45499
69836
28870
71004
13509
49762
25759
70444
38771
91011
21435
95121
57181
39685
56733
70512
81265
95830
71522
69100
65906
47378
49629
62087
72879
47764
71086
91227
20597
12665
45028
61196
57650
83322
24193
18350
24476
24132
58426
74429
62831
50673
48949
58238
90153
52702
14692
38471
15843
61979
55945
74773
90982
77591
52997
49975
67780
73125
11564
90862
39033
45907
64613
42019
51698
65184
46394
84252
38987
30701
97622
55706
12135
31101
24276
33608
96938
24936
83443
28803
13645
47466
76408
74067
30836
69957
14085
18394
92718
94182
78907
27340
78117
58826
94352
41687
64542
31822
78190
26727
50132
72898
67315
81642
56086
37812
49421
80355
75275
34991
51087
58490
24873
50524
38836
90981
45815
80901
69225
22384
10448
33019
53817
41079
65965
73480
73156
12891
56403
89433
21633
96020
34805
38870
10026
32179
49617
41592
86139
83772
92273
96939
83715
26493
35867
32894
10833
23599
87940
75991
92416
42167
30292
39595
33587
19123
47063
75156
77430
44872
31144
41321
43935
33193
46069
66346
26786
38171
44845
63315
30828
38887
68784
20597
53059
18186
82760
25632
74530
54952
14661
91814
82653
44760
52956
82240
77323
77361
18938
20491
37620
55849
56326
73414
22190
32373
62422
52803
11426
53200
85719
23230
86252
69983
11626
89943
90495
14110
22519
39925
84502
31350
63479
98732
27813
28017
87458
76652
80073
93823
89170
93706
57420
69025
40105
83880
58574
97556
71832
51612
73619
99889
17026
71035
26143
89472
99962
53233
28301
74826
50886
68345
34091
92586
82197
61633
77092
83023
61688
42614
98171
12771
62226
84023
76210
95346
22816
66846
70517
72711
40559
57649
40649
88337
89038
82708
74342
80142
95228
11030
17862
68736
63423
76963
87037
28415
78440
80111
65560
90323
80995
55558
12107
64801
17248
21868
15109
79845
74822
29411
33071
63951
48607
63563
90291
58416
68593
94043
17700
33678
78961
14567
73938
20398
49632
15348
65223
75871
35423
43213
26829
54243
15856
18358
55219
50489
32924
93799
31715
96473
59109
75137
64537
43709
18161
87278
36835
72454
99118
31271
47224
98718
51141
43542
14714
17583
19488
15330
84781
38070
73313
68923
88996
19842
94408
41490
97858
22290
56859
43643
87363
81833
87514
39435
32458
37185
55624
42763
31622
24777
18342
95096
87974
62641
39337
30044
86956
23811
91062
26528
73924
76609
82843
47954
87281
91195
57622
80406
61791
72031
50216
36318
21438
95518
50796
67531
70302
59083
88754
84075
78127
17821
70391
44414
58909
73981
66380
44548
19871
86895
66450
29256
87228
18527
79026
34336
97150
82832
13216
52348
90519
11535
98165
26288
61880
94673
42880
10536
84798
40243
96840
93229
38888
97258
17365
76024
99353
45555
60140
81734
18410
87993
27440
66852
90562
67109
79151
34840
54277
66992
65434
19300
55956
72419
49254
46076
71869
23846
30750
81725
55753
92898
83760
51433
41388
84660
67734
19054
18774
22079
43554
38602
23884
29621
40137
78254
22449
67682
25632
20854
74864
71851
31964
10586
32181
17671
69506
17068
26607
38546
44115
55509
23432
92249
91308
65743
85383
47944
49364
22452
16729
75741
37022
86710
88888
20664
99360
36862
37247
84551
84986
66216
82270
89646
71525
52818
66073
80161
22158
41339
25044
84964
30150
14559
11957
14565
57558
15686
87805
43320
62309
55717
70272
83157
18345
90031
80629
98588
21157
64453
91539
47513
83308
83595
77500
47951
18776
61525
38582
45215
82753
56401
68179
67298
57679
95736
28131
99452
18125
31016
51049
61253
88492
41344
93047
60687
40472
67574
30071
53223
43664
23987
58574
32918
35529
85813
10841
68541
30414
30874
70801
23127
63808
88995
12382
84953
31103
37229
40427
12367
10865
11239
47282
20851
64025
39558
34883
48322
77180
89484
96119
32831
58470
54478
42364
57406
45326
93797
20705
54983
86616
94240
20906
64102
19872
48682
97022
91688
40431
48056
29312
32653
24983
56743
89580
49002
52176
68719
81448
33834
95865
53467
34834
54567
53157
14711
58813
14209
86680
78859
98671
87354
43070
79719
78522
75952
48445
32819
28375
89702
30298
99587
62117
92530
88901
64884
10158
71095
61073
40816
47373
91973
73595
34509
72631
62853
76073
51667
15228
13262
50074
67060
12431
20063
35581
85768
96479
81800
86869
41917
69776
73138
91430
80351
23465
10652
46090
22176
41870
70700
31318
52667
80804
97677
89433
11252
31335
96288
21331
52640
68450
15706
82880
45844
29662
61346
73951
18912
95191
46419
32827
52270
28240
69703
57758
72666
76363
24018
32973
15919
94470
55697
61772
39167
70829
97511
94822
65565
69753
19421
79842
99790
64832
53278
80290
26416
55992
33641
94608
99986
36793
92022
57265
94220
45370
20205
86680
99516
34057
64242
81362
29258
39077
11036
83511
24412
66856
38456
25066
22811
49261
78254
77828
94770
49061
24417
24661
50658
99190
74696
80956
93771
89355
46300
20799
84030
78285
15972
79851
72257
32145
42898
33886
48540
57903
99880
72241
77673
95841
76437
78415
48770
36606
12128
18335
97121
17799
33753
50293
61769
90644
40885
55539
24644
50574
37551
28679
79406
78471
46185
14440
34691
78446
29930
75072
53232
84459
89479
64937
25307
28953
82666
84738
18629
71234
67926
92094
12676
63019
19133
72930
62252
68138
83338
89095
26550
45709
22698
10679
76499
57164
79873
28247
51385
38940
72168
98305
56842
84836
14029
78014
37045
73384
11807
18501
32665
37192
21219
63372
38229
94054
66580
54723
73029
45119
84376
33940
22128
42990
19611
97282
27332
75481
96603
50160
70428
36063
77019
32530
78370
12611
25798
32515
81407
28333
65319
87125
17515
16522
51210
83795
19089
20508
94928
67672
39831
47754
37734
35029
78495
41870
93082
40049
15087
80802
98714
38426
88918
48709
59297
57847
51749
25339
33212
71714
26906
50543
86284
80591
59925
52195
70893
17033
20682
36619
23762
91712
31610
38488
51110
93737
51422
53077
70600
98225
39002
24887
34422
77689
90871
68355
47968
96488
30288
48846
52660
47931
19774
76670
20873
95145
57507
89592
27520
64437
45633
68866
45098
14974
74981
17628
54075
46531
22920
56487
45062
37629
53786
83586
55747
43829
63547
36598
54850
39302
36238
33098
83490
21348
91176
32256
68705
40252
39547
83838
37831
45294
75363
23862
78734
36542
91420
16640
66743
24363
93164
28779
59982
56369
76233
94251
75668
26867
77400
81605
14452
86357
35549
13073
34489
43187
80039
24579
91690
24580
25747
43249
40677
63565
45428
82115
24415
87514
54033
79842
65748
55867
58906
83891
77597
61272
38091
60242
19326
66589
27134
55829
28227
50519
23243
89200
67027
23277
71980
39619
85626
52458
33958
10558
50371
56809
17832
39662
25899
28592
31496
61817
46587
75934
94831
64448
83682
67825
38200
75150
10238
44047
67357
86619
14551
98838
15041
98279
95693
50265
13798
40824
49315
36110
62252
76730
25771
65556
77115
65315
18638
92269
96140
10208
11350
35745
92836
99679
52394
64698
13548
10127
74582
40938
37137
45138
26481
78072
84761
81364
65789
86153
56955
50176
25598
41956
39825
73148
40930
49539
53431
88460
78476
68684
93517
30351
95749
10223
18032
80030
11894
59471
44711
65732
62298
35438
90591
78685
63633
47283
23269
65928
72190
87135
12692
22216
36572
58056
43228
96572
65568
81030
65155
54513
15470
25716
22895
71617
40603
17447
22613
39360
84660
11522
20228
94360
11194
23218
49795
23460
64269
60171
32464
90280
28595
82318
54907
48988
90567
10608
95230
23375
89565
30670
87717
71346
14012
99127
92247
82019
32011
93949
10649
69219
19303
13673
62549
97988
59079
88965
33229
86297
38652
63539
66238
27622
49379
45511
18464
11940
62632
64995
47451
43216
30905
59179
12046
30963
11470
44326
85686
37402
96775
61819
31609
55912
11188
57588
22878
39413
11083
81079
67908
15679
55505
57504
89227
33361
24053
80447
17295
69589
84119
69865
50047
24779
94649
61749
40551
75358
78924
90949
93972
70137
41598
43773
14604
47608
99789
92718
11457
33671
40832
41683
57110
32433
44829
73899
91354
79057
96163
44222
14206
84366
87813
22094
48094
39380
65720
43249
14954
56560
69774
15377
20250
34244
88224
45814
30267
46392
88435
19368
98144
79215
20049
97731
96614
49576
89559
92830
87977
35761
11195
63688
83672
15374
30959
69258
48010
56601
94373
94835
73755
84524
93322
83213
38462
82654
51219
39443
91976
60704
28874
88028
33226
13077
67787
81811
99779
89956
27148
74992
38228
11182
48854
79215
56020
26431
69669
48709
60447
77561
24682
78655
12261
10255
30841
31503
13035
81481
94553
26457
31150
65341
93370
89088
39919
97044
61872
76432
41831
40565
98443
20181
38215
28311
96696
97757
41991
65136
77235
15832
96231
48331
21358
44425
31059
34387
86221
22523
73261
94485
71742
87839
73674
71011
40437
29509
52654
99402
41541
98721
69931
13414
33698
37895
61316
20376
11624
42602
56975
94434
74822
22871
81287
71463
56141
98272
81268
26766
67316
11330
89568
18465
81917
69549
47900
81972
97288
38417
78982
90618
32046
44969
74561
19025
53832
26996
60305
48560
33959
44852
71731
61756
83579
19840
48532
39872
77064
10413
89467
19052
90104
52440
91816
33258
96193
12671
61610
37563
87503
32330
12796
75598
86788
70213
15443
71340
44127
28453
99581
98456
95348
15176
22248
46960
62275
63282
38939
87232
94716
38058
69548
69581
85787
65955
64370
25326
88092
98937
78495
62634
63315
11600
16488
73747
85850
37148
25662
88872
68682
78914
43593
82621
71970
66479
91126
65406
32274
55110
31355
79056
24851
11645
56969
37004
93632
90722
70995
19688
59612
83612
46405
75660
78679
86055
81379
94693
36689
85830
34100
78576
11711
33626
67819
56957
25454
85054
38264
67125
36018
43170
16803
50865
62921
86254
71506
25634
10768
17522
77077
27277
11575
97014
40937
45593
79032
35308
67236
54506
52052
89003
53420
59633
23261
86815
86226
15266
96871
44462
66166
16230
44705
89829
46803
19455
42311
49813
42465
29994
13456
27906
87998
40366
68829
54896
67072
78180
76190
38996
41030
12075
85710
87261
20948
35282
88775
12576
82776
36399
82648
58360
35829
99678
62022
99075
29267
62863
67849
29161
61181
92101
69338
98016
27417
65213
90392
23596
57384
61849
26832
22273
50381
57397
52436
96621
62959
34203
51939
31248
76757
25710
85816
82946
19581
48129
98009
22179
68641
61798
10642
95449
82399
65197
61118
36101
33824
71654
39159
97922
66285
52507
24286
50178
49007
41573
65181
73850
49855
29084
90875
28936
78184
68559
64260
90280
26788
38586
48893
43116
66005
16744
96912
38392
59703
75619
48297
89318
21302
32863
90194
31921
51887
21976
17450
87497
98301
11391
16386
35541
17287
69102
62490
92979
71796
80148
98902
59006
48576
60211
26000
16267
39753
23059
73784
16660
55206
99976
57815
80539
26414
70569
48661
72579
62407
44684
36397
82147
38705
46194
29256
89136
22928
53208
95832
80402
33467
36582
44472
89701
34391
79870
59597
62287
67230
93312
58977
71646
18974
97624
79845
26640
80550
55951
50451
42536
32954
75593
75513
57131
61271
60845
52404
33223
98402
72116
59109
62302
72614
50236
69906
97353
29534
80539
78641
36048
30848
25202
31728
91492
62003
88173
79630
16206
55528
68673
71668
23481
96262
91173
70949
15929
91303
94814
73223
79121
55098
93011
55409
56488
47706
72760
37821
69401
35188
14691
68070
89542
57540
29975
54914
32181
20120
77177
81091
72802
22494
63073
81551
18260
29507
52848
64318
41579
68312
91253
72621
21745
88912
59793
77528
11207
36364
22023
44529
57288
54777
69620
35046
82544
84722
89824
77837
36606
19031
35845
71582
30148
81829
29123
44725
87871
10125
72174
76553
62631
56533
88253
52221
43580
40514
98015
32972
35805
14522
80806
37148
10167
78789
30075
63212
77570
51214
20866
61151
76195
44092
73062
84100
58346
19612
17557
93238
60528
15580
44800
61232
87543
63179
71212
40177
87983
13555
70730
53617
31532
62366
75980
25813
12851
33193
76322
51297
71540
76584
26383
20435
24416
24590
94973
62972
25607
56495
24169
20284
93425
96526
26304
83528
77180
30724
25038
80471
37994
86582
29077
22676
61370
78521
46172
61421
51487
99256
67472
38544
90341
21556
77690
75494
62926
74512
75313
10438
15436
80477
66022
23843
42651
57672
40222
20538
63267
77369
35738
47282
13392
87833
81073
46649
35392
66104
60384
27024
37455
78190
69127
37410
26185
30985
31658
20360
40848
93137
35165
20456
17704
72659
68033
12068
61229
52062
77616
37443
14443
44628
28062
96015
71425
90748
26376
24068
55257
34259
37867
73718
19669
11165
92326
27347
66241
21221
99707
92363
53877
67427
80380
68333
45618
21666
67745
27009
13671
96162
51206
23422
45895
46915
99202
92656
47287
18574
66240
72700
48034
94177
63116
61401
83645
62939
35509
95796
95186
36978
10798
87278
66435
36392
31248
68666
99565
28158
95009
71192
55045
27821
43604
32612
72637
52028
69136
82704
44421
67176
21427
25533
19606
45648
82822
43761
52404
78068
97595
68200
46367
92712
27700
11317
14412
14407
12657
92903
50645
43117
78454
13503
87856
26518
33643
21510
62873
42402
57795
48955
46810
24732
14781
98704
52179
50919
33645
96759
55901
82414
60207
66529
18320
29518
93722
84885
57801
98925
60020
15320
65382
54663
53753
99197
38011
42777
50905
75782
75027
14750
65288
16346
11673
75589
99019
17409
91849
35647
94871
57309
12289
37248
89972
12650
82365
15955
95468
18871
69648
14580
23327
22057
91020
71064
15101
90357
13116
57789
79382
48967
55942
25228
86952
19940
23913
85650
85102
84059
34226
99848
19483
30013
45450
24557
14911
47872
88446
83055
11590
32102
69873
98916
14576
62542
66823
65705
93172
28566
73769
77465
96565
71410
27464
13854
14711
96488
51824
29177
26651
86016
79733
97492
21416
92222
20000
15075
45856
73121
70659
10251
12171
35329
49012
27503
19370
12658
91304
36754
54649
55612
88077
65991
59412
26185
37096
14285
43827
68276
94318
89007
87897
22943
27853
57308
73898
51442
30899
22787
15226
93870
49866
89571
76866
71492
22126
62766
90676
65413
21614
65906
11159
92359
77343
28913
20435
42031
30666
29051
48510
76874
73667
25666
36200
50326
44421
84885
49373
56060
44661
19222
46066
63170
33428
85177
22164
44914
15097
69277
50399
11235
42095
95369
29370
81352
31732
13103
80487
41009
96564
75588
26914
77748
66444
35383
57044
40100
98030
47218
61274
74744
39493
29814
63534
18765
14413
42655
35429
50704
31770
61585
74143
17263
20333
54197
83388
35148
67936
12166
17871
25492
93847
10886
12747
79810
11958
81931
88213
95819
59136
99198
63526
30687
61637
40582
97366
51706
96557
85264
37191
51917
34336
21497
80035
68990
53391
37658
41864
38270
56415
26808
74183
94006
77480
87413
88053
23219
27186
22118
62533
33581
91390
38041
24112
85026
58347
94570
36791
48643
50625
96343
59033
82274
14472
78088
20718
23317
15004
99059
29734
77411
70564
50528
64051
38730
60575
81702
19353
35835
91284
94900
65077
33948
93187
94388
16874
86661
37713
50392
37279
48378
51932
68736
31920
43431
20944
56789
98836
79172
37898
88331
28391
90604
48637
31455
21736
21381
37583
67511
90950
73774
56073
27447
80858
37025
80950
52547
75198
72354
81874
76232
30062
72616
57035
51146
79248
23448
18621
74662
49828
52156
67833
33727
98729
27078
57014
72632
53079
98069
60371
18792
74596
84066
79274
25200
37375
74819
84051
14147
61176
90933
34974
68177
24681
54653
87466
54248
12284
66092
29068
95219
21697
70803
42973
40108
68803
38651
43986
69194
54051
56863
86742
73732
11861
13415
54293
83931
19622
58306
11602
21273
93992
87750
81323
70672
20693
44038
60710
46212
29283
22102
41250
43119
75247
71088
96094
19249
76342
64641
22326
21658
57924
63929
84735
95636
27558
73442
31068
32418
30775
47735
70309
18712
55725
13234
21981
13689
18002
49472
81931
97082
98634
38127
58160
68228
23287
31610
24334
69991
78147
33227
97144
79812
63470
46003
18056
81434
41786
14024
24473
89894
89882
14044
14338
68690
98601
55868
74154
12065
26984
85716
92011
47707
94670
45652
82599
22719
53036
89453
90024
35417
16328
87075
15125
90110
26905
64072
82113
79382
88441
52069
87589
34820
71384
49551
64386
71587
98213
90936
41474
75128
20459
50619
70998
14294
21097
42385
37435
28161
27163
88339
45317
85299
64081
58967
12465
99077
43837
47052
36810
54075
88550
33493
21453
10610
59857
53881
99619
46094
60339
13484
49005
50488
85536
58460
99818
35276
99642
77140
17896
40491
80231
44778
30355
96510
20691
51849
54318
18188
21410
86704
26547
45150
23796
83800
92972
16961
79369
16589
83111
17198
86336
70595
95823
71726
79751
24368
97099
30705
44963
35553
71040
79178
81576
32075
99026
61511
23499
53770
44585
26387
49033
32307
66741
72841
58086
98208
28815
18986
67846
27229
62124
31432
11679
78683
82434
20189
81253
22944
24697
44467
54448
18069
97072
88959
45910
42214
96139
95520
55754
73672
88565
10800
70420
46201
48675
34509
69031
97535
71133
81218
44867
65763
85358
69678
26262
81108
24503
53586
41948
13081
91286
46228
46475
86168
23549
21055
77431
82144
72846
91670
33962
95007
51800
80984
67983
82373
88517
65502
20635
27285
67549
12732
43626
33905
83709
43573
15765
83693
56956
43856
12315
80589
92825
91278
41838
26373
85425
61073
67302
43084
39395
49813
19650
70753
94147
87289
99658
80780
64563
14666
47240
26636
10502
33237
93281
40667
57634
40287
69453
70842
67070
88469
88052
51734
55430
97073
54009
49781
31411
58681
37609
41561
29855
13744
17922
84604
81597
79071
53460
94919
20398
79747
46145
16554
30739
72804
52500
40415
71287
20658
25704
47069
51487
18136
72117
70506
57946
78356
50906
28935
91928
15147
67105
21913
75130
84378
17541
15465
80449
85306
61717
15491
54490
65087
85590
12067
12033
71383
97237
33384
47320
43209
90617
40947
64336
20216
16208
32307
79958
68988
51194
25763
15138
29388
69399
51792
48433
67534
75574
53119
99543
64730
91563
26645
57471
81743
67783
45450
13930
30349
97244
10215
55068
33203
62267
76225
85650
17360
92666
46884
16151
94087
16691
88909
93433
70185
53854
64643
71091
21134
58067
19033
75934
26039
90851
19910
16583
11146
12267
15917
96221
63921
46762
45223
61798
67728
92432
76002
88315
34356
76459
29408
36037
18878
38282
78959
52438
74869
77713
38910
67022
48109
39225
46458
74616
47348
87946
15143
51566
90861
36504
14359
50418
59873
95721
79688
34716
97880
12537
32740
16764
55422
64682
48112
40552
70523
79096
12637
66503
65270
78654
34512
12074
74007
49935
94935
71326
47809
87947
84616
84546
59905
86314
74231
35623
57724
65543
40874
66451
46283
65639
84068
50137
83877
51680
94633
85644
92972
72834
63784
92605
17673
61873
70541
23736
77642
79815
18290
67613
97903
47139
80304
29715
64592
83507
12604
51304
49926
92123
67795
93265
77085
24755
68878
89443
68757
85268
80393
85506
93891
50856
58480
71559
10661
84237
34322
71754
61333
50961
86238
21626
60102
55706
87780
11751
35914
26423
61401
43969
39156
35607
93800
57949
21408
24115
32007
27940
30211
86002
69929
57388
21054
76502
84760
84771
35270
53384
83385
53962
59805
65602
89264
64527
29503
60961
99189
28358
74381
76334
84355
54901
26276
45518
53761
89515
14542
38698
79004
67898
12741
19121
34322
53559
13884
85126
59723
11962
81911
93227
86053
35953
20832
89596
15091
90474
68780
60408
20294
17430
65575
47935
88184
12687
32590
75144
92534
94420
10691
35426
53473
67429
33432
18140
63236
12816
51550
24011
29405
39380
15506
32518
69094
69844
96987
23124
39331
85604
53637
92261
37077
93847
25497
41610
48166
43230
33332
52403
43762
67285
10712
66895
86971
77774
84083
67723
61164
30008
30969
24801
25863
64362
64116
80560
61607
54313
44613
59908
66311
32485
60367
41037
41839
40059
35392
22089
79304
24502
34111
10917
93996
95607
57252
82929
35764
56768
69021
40332
50704
75065
54845
62830
69338
53110
93770
11775
13979
58731
14421
55353
64352
30801
88369
47338
52482
65606
71946
99433
81427
37182
55838
54368
17752
20208
59685
71875
79092
78497
68936
45951
74160
79098
37921
62482
96834
33178
74838
10582
41277
66424
14374
39170
78611
51214
20159
81705
29610
31946
47950
33273
45590
51698
90534
27728
60950
57799
47540
52706
38148
64882
16322
32824
32086
62301
12868
10607
62521
94432
13165
77361
82794
81863
14171
95725
12656
69042
19087
43052
72091
82864
30987
16578
51804
54566
45003
56514
43544
90156
14630
29263
68255
68924
68090
97966
95113
38569
48532
77385
48990
25928
45277
20087
76536
62303
75605
72570
19130
10301
11681
76454
97757
85427
83074
36510
72791
19151
34813
21508
28811
16506
23757
31600
33694
23666
69510
63268
37221
10327
34194
74511
29188
55349
95830
87619
26018
59217
50290
97338
80233
97645
68938
98431
95634
24313
55451
44319
94525
26632
14069
31648
70888
46888
52018
42000
47692
60717
65135
97510
19899
90609
21337
22440
75773
57560
80498
70364
24537
78752
41105
40788
77654
11808
52145
71167
94939
68845
40456
74059
41726
67046
65180
61576
28133
37462
34791
32378
49312
72373
66070
67626
90853
80446
36583
55452
52428
47084
27820
62192
37438
22465
48335
49662
50813
75078
31573
83640
13459
32829
70638
97828
11956
54212
61526
55763
30931
72048
94745
68029
76691
48662
93805
54075
57825
41003
39051
72378
45613
48027
13779
85363
73330
43579
12360
75419
36557
65753
31369
43428
18100
97207
24049
45570
51356
84470
97749
68265
51342
15936
81733
70095
11706
35209
94137
84747
46985
76467
63059
90806
79620
59228
43199
56592
55153
45463
79067
61724
73311
30644
15825
32087
78229
46157
25509
89689
49018
79173
60187
10137
45219
21371
72045
48205
93373
41107
72804
68395
17077
73877
55889
47228
96009
19728
53070
85001
31169
33019
13662
85098
16082
27154
40350
14049
97224
80356
21419
25116
12082
17926
88868
41967
47556
58988
36007
89744
47987
42254
37369
61648
17853
58571
67314
96730
16325
79782
73391
17947
43622
98441
56660
74680
27178
48300
80563
27460
53108
84979
16555
37667
56041
71454
66750
73474
80904
21714
15645
92827
93930
13439
99643
80153
80274
27399
71916
56084
92005
65356
94704
39356
92462
52323
66890
28382
48444
75644
26813
56612
58366
18541
58064
42839
93285
56783
23412
47113
55659
48773
53203
19866
14566
40805
47143
64724
42925
25767
14893
75312
37482
61165
53262
52961
25107
77964
27649
83065
51625
79540
16241
63822
62209
94758
51583
50484
49282
38950
26622
35007
31541
91999
86850
38143
84384
64211
62288
83403
60771
73491
63499
98455
46312
86518
85944
97734
93624
13684
58299
45489
67327
90948
17569
46540
13159
16224
98443
57858
19596
41523
42098
97443
54534
74929
51997
16481
37346
25215
46389
96870
68789
66266
59177
23771
76625
11004
75447
61031
50907
57660
67798
98067
33727
30690
60078
56461
25659
75942
27528
64652
25847
77125
40777
24645
43299
91324
93537
55476
87385
63882
62702
87735
26798
73762
89313
44246
96120
43159
94758
73443
10076
74999
84349
77488
74207
15486
45097
26747
56606
15340
10204
90819
24115
55808
91858
17351
47794
79017
52210
63623
96027
66930
38022
64664
54822
55602
81388
50351
30369
71535
94924
23920
60906
59247
77801
16099
23012
72549
70985
63767
15195
79165
55612
48088
72281
76211
32702
13694
84999
76114
48874
52313
78047
91060
44117
95666
71459
15448
42509
52272
53707
69614
52381
96706
92524
17691
67749
93005
64593
37121
42500
26466
49974
24686
85439
72073
85090
13307
27193
85668
17132
29031
78597
89992
83211
83957
91071
12790
20467
91992
93920
26977
31814
15404
28725
85210
37365
88103
13675
81378
37736
42806
36441
22345
84148
64633
83511
51486
99894
99788
23274
60709
73576
43287
94999
83725
88832
59870
71797
57873
48300
54953
39980
81626
16078
58161
99135
91301
24374
79987
58593
50410
74517
29648
77396
66940
11839
22143
81661
78728
42979
46564
92418
84223
12649
78653
30265
10557
88468
13226
59363
72265
81174
84811
24543
39281
51788
79137
65422
98669
69774
59512
49690
48806
93003
74399
82740
86907
44163
50801
33439
56349
25511
42603
84948
41278
62973
53056
40438
81662
23053
71027
68258
43826
33551
37887
38060
54452
65208
16582
16677
38179
32287
12798
28488
38479
26257
41541
19757
93216
82134
11812
36715
59204
28015
66047
30389
67688
84044
30869
16721
14309
20273
83587
95309
47970
48543
57512
94655
65888
70658
74788
72750
28425
21909
72434
82898
68645
18494
70940
99435
32045
84196
25636
79583
18314
97888
30037
55835
16303
89554
90635
14474
91067
24015
47217
45515
94308
21805
83978
88290
19568
45599
48164
21374
93808
80040
12070
76298
32129
30060
13934
79476
79952
98755
29988
77551
53910
39861
96679
33047
43987
49669
62535
84420
17978
47286
73735
77687
66892
49296
21191
46512
73396
66322
96953
78843
49197
71320
27830
51727
75780
38707
23002
27620
41972
63898
13732
51839
89844
67290
11861
41148
99130
23186
65072
45482
63600
33118
79385
26912
45830
81105
25094
91879
15323
49002
67114
92538
87415
62582
53552
18704
48876
74207
90310
15296
32158
59651
52963
24289
43427
17180
50703
27752
90473
96648
96938
82346
85179
19299
23437
86481
63916
41109
14389
46375
71038
41235
30464
50175
90265
94608
40562
62207
61369
84649
25367
37575
15317
27028
35482
88528
27634
86924
54294
72581
90808
72826
63766
99458
16828
61009
35235
57503
84630
10367
68058
24985
35738
57701
31034
96728
11743
12602
55659
27015
14865
85920
73879
26773
81247
22783
63583
70261
86544
35583
28612
57695
84612
80332
39525
88504
16518
65914
89462
73887
47039
46186
43745
39767
62726
96262
49932
40153
97608
95796
75618
39487
99520
66074
21217
67649
29985
46858
89751
67406
99733
94408
87995
66926
42082
10377
76252
67679
73371
79970
19252
31116
84623
73944
13363
61576
58408
14261
88958
46278
45112
77315
58382
61928
98297
26259
82152
56051
18888
20821
14658
75977
57793
65837
80515
53408
54964
49832
63569
75949
94605
77097
68733
87177
45850
88822
42267
60750
99587
85119
35860
61902
85733
84379
52106
54493
13741
50662
92542
17820
39061
42856
68593
27633
36463
84390
78175
81877
30249
99993
61761
80827
72608
64096
95086
47002
75663
29083
56243
56971
33121
85214
80953
48141
22188
24080
42357
13269
83484
87739
24725
68740
32424
80796
12878
79328
83876
60669
26796
18588
48024
45278
73168
88803
31112
65824
12908
59073
38499
46546
61106
27316
26254
11844
91406
17802
71349
55206
46220
21260
34882
23554
58469
95980
50943
14884
58555
33752
15393
15117
17612
17913
73744
53636
81287
25229
39479
60584
23263
83512
34575
12754
35627
94649
43232
89248
44141
72831
24433
95716
24913
92030
43129
90650
47871
68105
15541
97812
86506
65889
51868
70826
94963
68798
21695
22776
58276
49243
14521
37835
20213
19450
21839
11871
18206
60312
43115
25724
42583
63418
70813
24085
30226
12081
84300
60661
43437
55785
56652
22420
85701
64475
53274
88041
94840
36576
66673
40666
10237
66023
89525
28089
80495
62863
98194
42476
26677
12901
67867
40384
73750
73347
14876
43606
16856
95186
10839
18372
78329
63718
44092
78465
32800
15639
33991
11453
44372
59559
89605
73237
15569
41616
96487
32045
43675
67715
78002
61716
63722
32451
35285
18907
45763
97590
24686
36005
54939
13915
45148
19371
24649
54139
81088
18295
97974
80657
42887
39697
63691
98887
88750
40244
67193
26117
42780
40083
81113
31655
78154
23018
50583
34641
69829
58208
82249
60650
23236
33177
51568
89429
52703
90745
82132
55777
87695
21854
13276
26249
87602
63074
30541
65594
55979
85813
99516
99626
33518
89348
54225
56327
22040
69466
45738
49879
48728
69774
94912
88986
60704
68956
19161
91396
94999
45383
54578
33021
39245
72862
59869
13455
84552
25026
79374
63880
57306
42976
78146
15406
36672
59866
15274
50351
76472
57736
11876
25746
31164
83155
32077
91163
31814
35718
11420
64592
71158
88054
24179
64584
73390
39708
87646
85441
24213
40103
31046
93484
25350
79799
27278
44794
73543
62237
72732
29016
87851
48948
43473
56683
18948
46832
76149
23139
23259
83901
78541
78539
89961
29015
23762
75801
43739
94633
57832
81672
92589
21005
25968
61088
51324
46134
46635
46276
31724
61791
23008
72821
95429
73333
94102
90596
65803
76424
16841
70153
57523
95633
29757
99594
20546
48934
41644
86827
55792
46258
59827
17677
32957
26963
90995
93730
96688
82248
59905
63389
29523
60859
89933
25486
27730
38635
26492
98028
57370
36985
29740
74143
56483
95056
47355
56603
27745
52177
33183
52578
25774
96587
72545
16720
75737
91785
69126
72258
39221
46195
61339
18484
65228
77201
18899
27575
85807
10594
34116
11507
91380
36912
38424
13381
76656
17945
95372
53487
85093
51848
21079
32303
57319
22336
13610
82233
21503
12437
27771
92098
87436
17569
68075
81409
85526
41130
89719
93162
17540
48542
92125
21667
79235
12674
20592
53590
28357
30646
20882
47779
31866
74514
15678
36794
61361
44338
26694
15626
45591
85013
98167
20043
98283
56110
60794
35657
17787
65418
50298
37281
70408
62522
59650
43854
37065
25900
52291
68377
81080
15301
51134
50340
72902
32273
86646
77759
76637
77133
42958
62774
25885
51601
71933
77332
74189
65131
45245
56577
36928
95285
29441
92494
53302
16028
73600
47851
90463
33967
72046
21097
78607
81933
44399
61302
52096
67314
94401
28447
86840
29084
86916
64078
15520
43477
60327
14199
50495
54730
18959
24215
48344
43484
73849
41729
48591
68438
61632
29088
26787
19630
77097
10966
56694
41974
59057
38314
77406
53780
47395
44028
59119
97714
98801
97285
20116
33176
34862
49954
33259
99280
78891
87563
70412
40099
81190
80197
33078
87979
62721
43659
15914
46272
85673
12009
80201
59933
51499
61421
96387
82241
83463
11796
26794
85204
94750
86172
26008
42553
88365
23086
29198
84292
27118
43989
86848
74080
26207
13360
27652
54270
76837
61439
65566
93934
74599
62190
16032
54198
84970
95253
30474
94478
42698
52680
31675
37804
45451
95866
49801
85145
33621
85472
74712
67355
36084
76551
84327
76323
27428
54778
97480
23126
54970
58905
99418
95235
38092
84792
52519
69074
49080
20956
96563
23882
43784
21889
92072
60307
66311
18853
62391
92224
89950
18639
47188
71219
73531
52803
68479
35080
21843
65386
93314
42768
42191
12728
84164
23258
99353
30032
95017
36357
18895
54571
83902
76125
78691
12487
40563
88238
18726
98603
87465
33782
29875
65808
86311
22740
54463
36394
22621
83246
36537
37068
41527
43007
95854
99016
34881
62709
99590
96285
29942
34350
67299
99818
17190
50222
95950
94206
63260
54608
16950
95771
84209
82668
56925
28605
41507
79251
26364
62857
98013
56244
32484
38198
36231
91167
74884
53804
51447
68501
56945
72218
65842
10081
53202
94701
47818
97622
83928
75865
87652
79386
80960
79400
20346
85695
57371
56667
42815
48616
28962
55463
96191
90777
53800
37602
22070
67780
14488
27905
82481
16113
47479
61268
41079
28248
82582
61406
84281
10680
16991
91282
91865
16360
72256
81238
99145
68603
72336
49050
23428
99902
48984
48976
36339
52101
32713
65174
34670
88058
39731
81666
90286
24363
88931
14347
11817
86089
82752
52798
89722
96853
51167
49214
67331
99458
98188
20478
38441
83987
58289
40005
50471
81276
85977
20052
70057
71754
61965
16685
10324
55385
38214
79848
90969
27200
86460
56539
38482
40745
17775
24843
56672
63532
78485
23355
92613
52358
39782
58540
13866
70803
10398
48923
46204
38409
10510
77298
78304
63667
11722
17945
17014
91400
71048
55591
53099
39723
53002
56507
13683
39492
64373
99249
98757
88663
84454
53294
74684
49502
46120
23508
38816
15136
11394
43107
47863
65916
69861
76916
79806
90828
20015
24763
21836
66293
19243
20295
79288
52860
80701
39174
47378
84559
79456
65318
66465
37456
52782
14763
37723
53869
96249
80271
33105
11790
71595
10399
24663
12068
55643
38252
18425
19778
28872
64034
84985
85410
93695
98412
87989
58640
16655
20583
15272
84717
88304
85512
15362
47479
41277
17186
80299
92474
91724
49160
22992
52714
56170
66341
84828
86002
63318
86852
57976
43533
49343
26642
69626
38049
45921
90605
27936
98969
68820
46804
48234
74836
75846
79803
44523
87493
45494
81988
90837
21039
48023
55873
47226
98624
15650
69693
37929
50168
71940
29471
57460
76241
30317
83893
23529
27527
86954
95852
60690
87091
55236
76020
99863
78621
41407
26554
52190
26642
73920
98660
90090
22436
34141
62835
79633
35097
35641
35835
30814
11370
92484
24574
51371
91499
21824
25375
75603
76466
82433
47262
83467
84137
70867
81319
30620
92419
89983
43767
20305
73052
61233
28778
71529
41575
41851
84913
81823
47501
85075
38483
63698
53752
74857
90165
52862
24251
43384
68899
39363
51701
66687
87294
14135
16145
98380
44834
78431
73452
86397
20429
11037
12899
94808
57625
65020
41154
93989
34630
81043
36280
48944
47661
51822
96139
65780
95622
14180
93711
69856
81340
94132
52181
76396
93138
54222
33528
64239
70013
27717
34243
31496
60004
23677
42788
23046
10306
22017
79536
75950
18388
74547
79929
84586
74863
26744
61358
98874
39953
87146
40228
56410
40606
18548
44143
67402
33765
33444
82724
91302
84933
16875
63026
25104
95788
92952
63421
47908
30924
66355
81329
67236
23986
18197
44834
27031
20577
81339
66375
87279
87672
68802
34585
75232
93945
58772
82212
31049
65599
59308
37613
99561
16928
97242
31510
80112
85031
73632
60817
81322
34048
87902
99003
57381
77911
79539
32491
65999
64733
39429
82236
83676
80931
22082
41546
99785
25317
26031
33452
52988
31241
48601
52865
94340
53341
21740
21529
57446
33213
49455
34727
84749
42408
26313
62137
50659
89157
79765
56573
32493
61878
41915
46693
17286
15980
93823
35164
21581
98838
28717
51369
24012
80226
19777
63127
44415
40573
56006
56341
42262
72024
23575
79059
86280
46849
39763
78171
85535
91242
48180
66828
72616
13654
88296
78602
49516
37034
44134
67406
17709
42888
53302
18584
38076
61194
15721
49934
44166
42542
42871
63083
95997
70077
50172
82673
71077
33196
81688
48899
45812
42896
55222
25503
68919
86384
93077
91251
45168
56833
68751
51337
97074
98795
31949
55293
50963
58404
74031
44598
24278
91430
88544
36815
28270
19893
65785
92609
36104
83452
58406
27566
70805
55767
43751
57291
47416
59730
21779
97079
96016
94455
58122
12568
36315
52978
18508
28085
21313
99247
17347
28604
75406
20639
34853
18980
99360
14454
56133
46872
84642
27081
49552
18889
33468
43459
84991
29647
82424
68314
88817
19144
97965
28664
16147
75921
15364
43260
52115
99108
76368
79112
92209
59027
42548
84064
80488
39517
96543
36247
49545
88894
72805
61458
22318
15182
27682
60314
76623
26581
64019
38671
75868
99532
24571
25017
21572
76551
17906
32050
45578
18288
26243
31239
95751
32109
68177
58261
46188
85486
50589
11429
76499
27284
37368
26916
19056
54869
44576
45405
61222
61052
75156
59329
49766
52087
98265
56539
24941
35785
24443
78009
41890
47629
64914
91313
12329
64009
95828
61104
96552
99915
25294
16750
66787
14802
29283
46369
67219
73270
71245
86816
71738
70733
23081
46152
72129
40714
25188
81916
20795
73877
50664
21155
88184
39186
78403
94078
58963
77442
31129
17329
78074
90192
71757
27682
72566
50788
47852
96447
42285
67339
27763
37397
10720
49250
50540
74801
40682
78955
32298
37131
46756
73972
46512
43158
90838
21020
99336
91030
84192
26673
94341
13531
55197
13761
13723
49410
26501
93105
24069
78306
82704
37106
84467
44676
41271
79956
66477
18379
61941
85288
90256
18685
61456
97680
65548
10900
46474
91932
33427
94412
98564
31882
30731
55294
46809
72264
65111
49091
87071
65018
67534
80001
24972
16807
17778
61072
91646
33276
24126
78058
68868
69819
58523
74780
81204
88634
47267
82297
87119
62414
43210
77638
47697
28139
51634
55334
25931
89808
16490
75635
50097
19290
57431
82274
88805
15394
35912
62477
10639
96037
29351
57746
99873
27290
11099
78411
66321
56752
28122
48715
96649
85871
18402
96029
36461
51318
64964
47562
15538
86155
59403
94032
60597
56417
35400
11066
96925
45300
82681
31645
38724
49944
45440
26104
73574
52585
83381
10343
75588
26968
43468
43801
55396
43187
60972
98277
68120
94062
21489
32489
86197
91471
10132
44329
14709
55845
88992
33863
72459
36716
92292
14497
95351
19043
43629
90118
88939
46117
73527
38704
55149
20458
52762
65045
39481
71143
91528
46553
22118
25721
24800
52066
98897
97439
13120
12418
76200
77220
79920
60686
62456
38943
55098
38083
53449
34975
43921
77981
41649
94977
63646
43319
94404
17454
87270
98087
67435
63183
25953
17563
31990
78798
54443
27528
66942
75895
38357
65015
70550
28082
92596
94037
39748
24040
13844
47518
74061
54646
83751
34731
32792
23973
43191
33185
97955
40629
77624
53112
23555
64377
90488
85757
99793
32313
44263
84803
10987
71190
57654
57254
19314
89788
12238
52868
80906
54734
47779
22141
17390
67254
18013
92261
68679
95478
45758
13119
50067
92768
61779
63414
44229
77405
55074
99789
84035
26088
30996
62386
88278
83861
43000
19695
44198
31398
35076
85511
20185
60406
51421
83222
60573
76806
82610
96451
64635
20890
38463
43271
20796
76829
50893
29330
67790
42391
20165
87647
97096
47871
86016
55263
90370
72931
10037
42074
80307
14433
28412
10946
56700
12885
41278
52217
22643
66306
64183
70983
60129
54952
71540
44371
17143
69716
53095
39698
48816
11473
21661
53093
14894
67654
59749
73160
81068
45382
46016
76464
78322
56962
73341
32448
89132
26330
12932
91470
89256
70758
87304
83749
73809
98771
95674
30533
82124
36224
15548
67753
69386
77414
46566
80012
89632
96049
63185
56918
81262
32887
78112
62193
58129
67865
38987
21481
96138
33125
46789
92376
38778
81156
44631
12563
76320
70464
47951
43002
54419
11053
59973
99732
81481
53909
76798
15817
55649
27546
43361
68173
22003
43697
36368
74846
23158
16707
10792
85941
39800
31832
94210
19587
33744
10318
84100
90134
96813
38856
18935
45444
77010
28196
17011
78759
15691
57368
91048
57735
35788
20521
13046
80562
31330
39141
19653
18341
63975
26853
44196
52086
25186
57853
99355
74997
45760
19723
68003
75487
47048
31307
66332
42980
43333
62471
95447
56849
73049
81972
33909
82060
38587
39598
77054
15527
43968
73906
64019
87764
52594
95298
29724
91027
61514
22501
73796
61917
87000
43716
80198
53135
18836
69452
15063
96968
93932
28176
65977
18487
54994
17467
31134
69229
44437
47095
68814
83214
84922
53489
14015
94218
32906
82650
41134
67906
61628
66657
11328
14550
85029
65412
57499
85565
98557
35979
57422
18997
55162
21081
58877
68106
19146
69280
91635
32614
58772
45249
45794
64573
84124
20936
91849
84447
11219
25214
69066
25876
73512
25662
19699
94875
28072
16146
33979
94043
80349
43783
39348
27622
82313
30903
40426
36081
74428
84969
39948
44580
38346
74805
97574
24286
89956
43068
40213
33871
92633
68899
97839
92663
36923
55814
14282
15939
19685
29028
91216
89400
27255
81460
48958
54825
52897
98841
84877
68353
25734
25438
46119
24966
21650
79831
93330
48523
81514
62136
14731
41381
94056
40791
54914
58281
89804
78868
10769
58659
73023
49834
53810
15377
35849
44315
11417
98249
74573
22869
75960
43568
90542
36248
41381
20357
67271
70177
96009
14919
63678
53267
22841
95449
66808
20230
81326
88820
34619
62202
87536
69533
36665
87510
89748
55413
41308
86709
51300
92866
87552
18755
41899
58265
52921
81213
47656
36409
76619
41810
23971
26881
39930
28252
32859
85870
26995
25014
11100
41175
71337
22512
50418
53788
41304
89479
52492
94186
58501
84982
77963
76077
58706
50605
26122
15296
26005
81677
94495
28477
37411
84341
69211
24755
66585
31199
84720
45424
34922
19433
78920
63636
81744
31857
73518
78004
67014
46553
11918
64453
90385
27750
80311
35198
49409
43015
68599
69172
34654
63329
54449
49757
44396
64570
72916
76661
86911
12568
72655
84164
47559
77354
15748
57385
62458
24731
91425
33060
53978
25147
98580
86743
36373
23320
60262
54810
62041
53563
70595
25962
48659
39298
39267
18281
85361
11618
89121
43080
74971
59121
76130
35097
77746
70150
99104
49840
16161
84933
12894
97481
87472
43528
33135
78266
25736
13158
20416
29204
62100
76661
29726
40945
19736
54121
89110
94095
68226
50402
18740
72790
77088
81698
24582
98994
17670
40202
24114
84095
73548
80097
21586
69329
17130
38715
12301
56848
68811
45798
63106
57256
25970
45411
83353
12970
42267
87092
13980
14680
66978
85626
97524
19923
64693
21142
50605
58110
12092
41176
71504
36170
66196
45448
56250
65254
57154
88051
80608
76962
15070
11164
61479
26009
84674
77708
63765
61904
71658
68290
60483
17935
18389
76873
33486
70011
59587
86848
32660
49829
44010
41309
59355
83295
42016
55794
12126
49375
14616
38025
94002
78919
46173
61581
13900
91019
29453
60008
72782
74937
12238
52110
50701
65647
81544
71974
33569
34401
48259
72659
44083
28854
64259
16733
55705
97582
58163
58453
52137
89367
23141
60991
83318
11714
72146
56043
91273
50648
51703
18715
10228
20560
55752
34711
55755
66041
10817
20807
28532
22109
57374
84761
47247
68419
67007
65460
78601
66355
68961
28516
94976
54636
72287
11744
12386
56858
69899
86933
71808
53480
33722
32123
24562
85992
18091
53396
82771
89984
66561
34209
11602
86955
15818
16242
74927
14488
51554
67077
87253
18573
38592
75491
47727
69424
69358
51662
20260
50382
56635
12335
10673
78408
89025
19412
40022
34336
43858
44235
28724
17876
12199
28622
34023
74109
45621
80853
63392
31483
42597
42262
20921
79894
21603
30728
73511
68963
62440
26171
47824
36319
66037
34017
22703
79365
11585
91242
61784
30632
47154
91960
94174
11897
63676
76415
94370
81891
74046
72459
68201
53546
49948
88447
43191
90053
98134
97635
56163
95995
90328
32255
47944
92249
90690
46120
55683
99605
58576
65904
92336
47046
28787
83964
83101
98446
74621
49850
20932
18023
25742
81103
99865
56422
37426
25849
30943
81839
78461
26613
20380
46568
62609
48175
32536
84760
49842
62011
64102
53521
97766
68707
17461
21358
18249
11540
63709
88115
64997
29134
12065
87160
36522
43268
53118
18212
53154
31883
50569
61844
32930
12213
59033
65732
90583
22644
19838
72260
67719
82381
80440
78727
25242
83039
91236
82706
88569
99441
62855
64258
26764
92424
62764
70772
66037
83977
83292
33684
61740
29545
37428
89523
38645
13241
92751
34989
65685
38808
32333
54810
16362
26893
26881
32484
17242
19575
23660
92822
87407
55620
57411
51826
54806
92061
34041
60878
65817
75916
95694
68987
30978
93456
18069
98329
40760
39023
78304
69104
99315
32176
84282
73088
44850
65542
39152
13774
19865
63679
98125
63098
18750
67925
51968
95036
82958
43961
95851
41761
24932
29280
46843
84250
46215
90592
38648
45808
49966
62603
85630
52392
27647
17151
89346
39449
80923
29684
20508
39016
23367
38806
91190
56260
79398
48650
54111
75178
96319
83567
20605
38928
59913
34869
49236
73247
29301
70131
26587
47543
94838
94355
26231
40109
52925
98159
45661
72613
87975
15127
48763
81560
10024
61572
76182
71771
42402
43118
28681
35306
95433
47995
58426
65512
75382
17903
98127
12521
18604
33520
67311
57373
59205
19898
90226
43114
64959
42558
50255
37162
37871
49689
47785
39383
77983
80030
17101
95313
66733
73179
14068
75212
70755
35536
60575
40457
91261
83826
61359
12646
75074
54648
19274
46329
92774
29002
97353
52720
29493
75860
78697
62644
97306
66057
17001
67502
90702
78991
10754
65654
42392
71627
65492
29755
38949
57946
66762
75246
88168
93789
90127
42330
93521
10840
68093
13844
64554
51323
36799
12448
96345
38274
61300
16722
53632
24215
21617
67309
47127
85195
21494
39691
13447
14675
85263
77750
73531
76169
68790
81761
21991
40681
33224
30503
38547
26539
27462
87062
41149
22682
63555
69206
32608
27951
24570
71657
81481
67929
47542
17092
96751
99971
51362
93371
78168
80391
54588
80958
37116
89852
88249
81251
48831
77211
46169
50843
92064
35627
22488
48056
51905
78004
91532
66897
85708
23452
64184
99693
24304
40691
55231
91949
93372
97923
29093
46573
40673
51196
54377
62096
33277
82411
20566
22403
65320
37809
49965
67151
42414
16908
91768
22747
70762
13796
74649
94176
42223
77731
99629
48086
65651
35343
50361
49005
52651
32435
37801
69003
34577
88371
59198
23297
74658
29555
60096
65709
46022
38354
14150
96516
89402
56608
20100
73398
48648
20022
10247
61307
17428
12626
59886
12412
62217
21461
88370
73062
33779
49375
84864
95450
69944
96217
81383
72434
72560
56171
97681
67271
15072
96170
21108
77586
80792
97845
17856
75480
28297
91888
90939
10789
86552
39849
11116
35929
30713
84123
49862
50368
61552
51314
85936
13357
52431
32320
81365
85042
36289
88421
47104
52752
41881
79652
52359
85008
50341
68435
54545
24953
32910
29912
44547
38376
54272
10669
92522
38360
37522
78920
28858
19901
97487
77207
66589
14975
22416
97810
38762
43583
80281
68315
41456
80768
11737
70811
12259
16435
83584
21641
63676
58844
60022
82451
92936
66773
49678
24481
92944
32061
53918
28575
82968
69039
15793
35634
88258
19350
45146
68748
34445
67686
92756
20781
49956
46027
31016
91129
48910
88520
43193
38948
74084
16355
13313
58361
50216
29625
58034
72168
74642
57928
47318
20021
69523
90883
38086
32935
49638
68561
95972
73367
96303
80758
56838
88446
74899
25523
50420
50500
19159
53685
30222
72732
54960
36379
38905
27368
59813
20472
10689
61497
36482
22159
69520
71320
94854
26471
28609
31529
68806
69632
27454
20533
58664
18710
32452
38831
35071
18055
17481
61906
74259
24653
40098
49925
11429
16511
89626
84532
69561
42636
74690
98297
90733
28660
44136
38043
76440
61918
40871
18890
95546
78160
41574
72241
53203
14589
53397
92900
53183
65869
85023
76349
25519
39691
25467
69606
73903
77524
46393
14301
44646
24057
50067
79045
75749
38202
27651
21555
65260
63246
28163
50418
61240
65831
30181
94239
44006
68799
67263
88284
71508
86925
82292
43680
76933
74316
63376
88988
99483
30743
10356
94250
88599
14681
97644
71853
66376
18295
65773
92714
57850
55321
93050
71434
29894
10817
21459
92416
20339
74035
49080
25669
63523
17025
63010
82833
60776
60190
44943
71762
14472
26690
34828
47647
68275
95833
23638
21034
13558
95707
63244
67800
21082
85551
48426
55839
61001
40757
19262
39678
68881
29956
28651
76766
54054
49928
99695
50443
50676
55456
65818
56034
21661
82992
40660
63178
20437
65285
84449
92069
49847
79459
25733
60419
64730
49727
78194
66274
95029
75125
28658
46316
72033
48657
10691
27603
62547
16227
35784
24501
34367
44478
77502
57666
53261
58247
77195
84014
37132
75237
24270
79094
84557
38984
50383
32370
67668
82626
80539
44236
93883
88191
16862
28938
73922
47186
30978
20261
37471
44015
90872
76320
20732
69521
53310
49830
63339
21088
36071
35616
12611
22644
17941
71125
76327
29694
32895
31479
67532
35184
47289
76038
23849
64232
29763
51961
57060
19640
69428
89340
17120
57662
39335
17967
12707
36269
77723
64698
40645
89424
23643
84275
12599
52825
19688
35943
46520
76210
10920
35271
55373
37176
89797
95910
31316
47561
60581
40148
77873
15704
57643
74980
41395
40723
79636
49622
95535
12347
19822
61229
76805
75577
75712
48440
94632
87651
61517
65522
38499
68648
68677
90333
94309
12457
72375
16144
62658
21487
17151
46408
56058
67007
74454
18092
13967
86958
85895
60698
98586
98513
13888
46359
72681
26444
44016
62245
45457
74106
60812
38671
87156
90119
40794
86323
11354
53980
89290
26359
30194
88487
84175
17419
74702
79603
48398
94414
27800
17629
60045
53645
28919
35501
27834
99429
26102
37561
26133
45874
26128
78590
52694
62320
85868
18185
11330
31558
27124
43619
14877
47004
32730
65522
90155
15934
19674
79603
85748
38605
68353
82836
94077
37029
33617
23364
51353
19913
58742
30955
85034
90209
82093
81485
32015
97599
82369
43256
52520
51926
20398
63571
87817
99569
13592
97159
31331
88958
83523
88183
57097
28263
78026
75066
96181
73534
70216
58776
29033
44078
52138
58145
97469
11234
13975
66069
69377
69210
32432
26299
46591
22686
21200
40305
94820
99896
68774
97623
87610
20238
10849
25756
46611
24010
62533
20711
88406
88949
22282
21348
30818
48248
25382
66801
48240
73157
24420
16292
24016
31654
57789
18501
44205
95781
69193
17670
25189
62765
35576
81868
46738
27564
17548
75999
67062
15575
18467
25180
34024
61777
92859
96767
28855
54609
54485
67581
38650
22059
48326
26849
89846
61048
10156
67643
75849
94165
36351
65392
20097
27417
44725
50476
63785
18168
55907
48521
32337
33749
53863
11258
74595
47722
96357
19525
44370
61891
45255
55148
42841
92314
24577
89921
66320
27475
83998
95939
60406
70068
23869
29741
99729
71216
51725
32470
27358
15205
31227
82270
69948
30131
24755
58281
46224
29058
85400
59339
36196
62120
88668
94612
44761
64149
41518
90465
44173
11485
49261
63347
19871
83892
18653
77579
38309
99079
55290
45650
13864
93033
95291
56255
41266
84834
59208
15147
57459
54767
87662
40245
63190
58214
63869
50637
12214
64448
17606
43699
51729
45124
91959
75713
37109
92109
33401
28574
39768
37895
71867
81424
78288
22128
91163
81665
68994
91844
26211
72633
29795
17397
65872
27883
67765
42342
12526
91610
48744
64451
68309
46246
63011
43259
16766
96620
25563
86583
62328
83583
18701
39054
69162
27074
19751
60679
23606
31813
72885
83233
58602
70050
88347
53598
27681
40129
69199
67099
94511
56454
70718
23140
14925
33155
51819
29422
21893
84203
20841
76529
13852
12414
57747
84062
15223
44136
12674
94754
10304
83143
18583
76537
61201
83983
12784
40611
63838
76659
42551
60063
23317
97693
29749
67542
13851
19129
94900
38813
76538
22787
18766
50162
11185
43858
72470
54017
22831
10530
34258
93023
78320
99194
33184
84499
13324
37915
75377
25937
77384
38231
87413
33103
26434
83968
85398
89980
69212
76725
96200
25283
40530
28718
69309
71661
18785
30864
42098
87410
45927
22166
11893
59607
76745
50398
84034
32220
12514
10899
26324
41106
33552
40173
17562
61602
92569
10068
37901
91975
91283
74864
39806
73652
11147
31969
15486
34688
36872
97811
11060
90360
36994
31674
36841
84598
55514
50094
34284
88400
42130
48479
87714
29597
75257
82352
67536
18283
43084
60373
35581
59591
28509
54046
83532
80309
49173
84119
69619
45713
97064
25899
26928
19689
84639
80088
21100
61148
56552
63691
61154
27386
95823
86568
42737
99742
96405
27893
22469
69324
10369
17944
27257
28602
77289
23710
70805
15772
40979
96349
72811
66654
64057
26445
78774
65295
19436
65044
87466
50821
34374
71438
23718
17573
15996
71968
10832
92790
78387
64858
35130
78324
64009
31881
10338
43093
75507
73156
44674
72127
13384
59043
33326
20407
26733
40286
55557
89775
43280
64808
20020
63853
52346
27099
95417
40031
20003
89387
15955
10442
72441
43846
81581
53495
90961
99279
84641
85937
40593
29608
22594
27154
34849
19665
51883
83871
41202
11843
73972
26563
66918
57812
97648
47874
81175
27205
11400
76143
91186
32107
72171
96014
69557
43467
88995
60320
23117
31470
94651
96083
87698
45756
20665
71464
99379
46071
91222
52397
66845
73852
43136
58242
78924
89882
61242
96039
16066
47990
21941
16716
61898
15308
65195
36696
41924
13242
39640
28538
34582
44518
55374
94329
15411
68887
51287
34432
11530
46907
11766
49650
78131
38353
74702
88045
71965
98988
19906
11083
72640
69043
77704
71772
47201
34742
74828
48273
66957
30060
33656
76730
52073
29496
62026
48172
92487
51557
92943
84504
19474
80227
77585
49918
42746
72377
83081
67412
20557
36258
69780
51560
60166
94210
18211
22213
24615
49820
68527
92568
70252
57853
10074
48056
19406
56901
93283
97758
80918
40416
87023
21908
66514
56386
83251
59545
85671
83768
49757
70778
66207
22695
53535
81931
82365
29539
52680
46718
47650
73451
51349
65677
96335
11422
20027
14515
77302
24382
50753
99825
45259
10620
50018
41903
95960
67144
60294
68359
66107
81289
83097
25224
23678
97021
95661
13616
30206
64024
84713
91318
38419
85062
77549
26105
46711
16932
82487
59495
82999
84771
58285
75666
80008
60803
54848
93573
45414
77184
64657
11970
28883
71931
12660
27005
81702
84561
20825
42752
60467
52531
64322
83837
75788
59299
75952
25733
10355
42370
78159
23138
75862
27329
55268
33586
49864
30894
88718
65576
87313
38862
38781
66202
93298
22208
64069
60021
78845
45637
57830
71522
13730
16509
29470
74406
21042
20605
16910
22659
71829
28425
43740
60632
60769
53350
89828
37805
19803
12394
36930
78286
32862
98414
53627
82580
29290
95459
21736
14665
46709
55463
79774
64562
16687
83964
57703
35616
80287
98983
11747
43596
60522
19137
43580
46297
18695
43794
57722
92855
27366
22209
14669
18034
50845
30665
52245
49374
50765
18979
59402
42030
88153
50995
72929
44455
90902
94569
11517
63067
82836
24737
18009
98216
92241
50161
64172
22277
22003
64224
14397
15772
23553
27258
38326
93301
86197
20182
32678
36737
93943
17364
83359
13428
53783
24561
43814
90862
99672
59448
11799
89587
47021
93369
35483
31949
70218
22714
14057
38893
36522
32190
49110
33864
61835
77328
82197
23901
36098
82200
92030
35053
61539
65504
15210
94843
84924
