1001
1001
1002
1002
1003
1004
1005
1005
1006
1006
1006
1008
1008
1008
1008
1009
1009
1009
1009
1010
1011
1012
1015
1017
1017
1017
1019
1020
1022
1023
1024
1024
1024
1026
1031
1033
1033
1033
1034
1037
1037
1039
1039
1039
1041
1041
1042
1043
1044
1045
1046
1046
1047
1048
1048
1048
1048
1049
1049
1051
1051
1051
1052
1052
1053
1053
1053
1056
1056
1056
1057
1057
1058
1058
1059
1060
1060
1061
1062
1062
1062
1062
1063
1065
1066
1067
1067
1068
1069
1070
1073
1073
1073
1074
1074
1076
1079
1079
1080
1080
1081
1082
1084
1085
1086
1086
1090
1091
1092
1092
1093
1093
1095
1096
1099
1100
1101
1101
1102
1104
1109
1109
1113
1113
1114
1115
1115
1116
1116
1116
1116
1117
1119
1119
1120
1123
1125
1129
1129
1131
1132
1132
1133
1135
1136
1136
1136
1138
1138
1138
1139
1140
1141
1143
1143
1143
1146
1146
1146
1146
1147
1147
1147
1147
1148
1148
1149
1150
1151
1152
1152
1153
1154
1154
1155
1155
1156
1156
1157
1158
1158
1159
1160
1162
1163
1163
1165
1166
1167
1168
1168
1168
1169
1169
1170
1170
1171
1173
1173
1173
1175
1176
1176
1177
1178
1178
1178
1178
1179
1179
1182
1183
1183
1183
1185
1186
1186
1186
1186
1187
1188
1190
1190
1190
1191
1191
1192
1192
1193
1196
1197
1200
1201
1202
1202
1203
1204
1204
1204
1206
1206
1207
1207
1208
1208
1208
1208
1209
1210
1211
1211
1211
1212
1212
1212
1212
1213
1213
1216
1216
1218
1218
1222
1222
1222
1222
1222
1224
1224
1225
1227
1227
1230
1232
1233
1234
1234
1235
1236
1238
1238
1239
1239
1240
1241
1242
1242
1245
1250
1251
1251
1252
1252
1252
1252
1255
1255
1256
1256
1256
1257
1258
1259
1259
1260
1260
1260
1262
1262
1263
1263
1264
1265
1265
1265
1269
1270
1271
1272
1272
1272
1274
1275
1276
1278
1278
1279
1281
1281
1283
1284
1285
1285
1287
1287
1287
1289
1291
1293
1293
1293
1293
1296
1296
1296
1296
1297
1297
1297
1298
1298
1299
1299
1300
1300
1301
1301
1302
1302
1303
1303
1306
1306
1306
1306
1306
1306
1307
1308
1309
1311
1312
1312
1314
1314
1318
1318
1318
1318
1319
1319
1320
1320
1321
1322
1324
1324
1326
1328
1331
1333
1334
1335
1338
1339
1340
1340
1340
1343
1344
1344
1345
1345
1346
1346
1346
1346
1347
1347
1348
1348
1349
1349
1350
1350
1352
1354
1356
1356
1360
1360
1365
1366
1369
1369
1369
1370
1371
1371
1371
1372
1373
1373
1373
1374
1374
1374
1374
1375
1376
1378
1378
1379
1379
1380
1381
1382
1383
1383
1385
1385
1386
1388
1389
1389
1389
1389
1391
1391
1392
1392
1394
1394
1394
1395
1396
1396
1398
1399
1400
1403
1404
1404
1405
1407
1407
1407
1407
1408
1409
1409
1410
1413
1415
1415
1416
1416
1417
1418
1419
1423
1423
1424
1427
1428
1428
1429
1430
1430
1430
1431
1433
1434
1437
1439
1439
1439
1439
1440
1440
1441
1442
1443
1444
1445
1446
1447
1448
1448
1450
1450
1451
1452
1453
1454
1454
1455
1458
1459
1460
1460
1463
1465
1465
1465
1466
1466
1466
1469
1470
1470
1472
1473
1473
1473
1474
1476
1476
1477
1477
1479
1479
1480
1481
1481
1482
1482
1482
1482
1482
1484
1484
1485
1486
1488
1488
1489
1489
1491
1491
1491
1492
1493
1495
1495
1498
1498
1498
1499
1499
1500
1502
1504
1505
1507
1510
1511
1511
1511
1511
1512
1513
1513
1513
1516
1516
1518
1518
1520
1520
1521
1521
1521
1522
1522
1523
1523
1523
1524
1525
1525
1525
1526
1526
1527
1527
1530
1532
1533
1533
1533
1534
1535
1535
1535
1537
1541
1541
1542
1544
1544
1545
1545
1546
1547
1547
1549
1549
1550
1550
1551
1551
1551
1553
1554
1554
1556
1556
1557
1557
1557
1559
1559
1559
1559
1561
1561
1562
1563
1563
1564
1564
1565
1566
1567
1570
1571
1571
1572
1572
1575
1575
1577
1577
1578
1580
1582
1583
1583
1584
1584
1585
1585
1586
1586
1586
1587
1587
1590
1592
1593
1593
1593
1594
1596
1596
1597
1597
1598
1599
1602
1602
1602
1603
1603
1603
1605
1606
1607
1607
1607
1607
1607
1608
1609
1611
1613
1614
1614
1617
1618
1619
1620
1623
1624
1624
1625
1625
1628
1628
1629
1629
1630
1630
1630
1631
1634
1635
1635
1635
1636
1637
1638
1640
1640
1644
1644
1644
1645
1646
1647
1649
1649
1650
1651
1651
1652
1652
1652
1652
1652
1653
1654
1654
1656
1659
1661
1661
1661
1661
1661
1662
1662
1663
1663
1664
1664
1667
1667
1668
1669
1669
1670
1672
1672
1673
1674
1674
1674
1674
1675
1675
1675
1676
1677
1677
1678
1679
1680
1681
1681
1682
1682
1683
1683
1684
1684
1686
1686
1687
1687
1690
1691
1691
1693
1694
1695
1695
1696
1697
1699
1701
1702
1702
1704
1707
1707
1708
1709
1709
1709
1709
1710
1710
1710
1711
1711
1713
1714
1714
1714
1715
1715
1715
1716
1718
1720
1722
1723
1724
1725
1725
1726
1726
1727
1728
1728
1728
1729
1730
1731
1731
1731
1733
1734
1734
1736
1738
1738
1738
1738
1739
1741
1741
1742
1742
1743
1744
1745
1745
1745
1745
1746
1746
1748
1750
1750
1750
1751
1752
1752
1753
1753
1753
1753
1753
1757
1757
1757
1758
1759
1759
1761
1761
1764
1765
1766
1766
1766
1766
1771
1771
1771
1772
1772
1772
1773
1773
1773
1773
1776
1778
1778
1778
1779
1780
1780
1780
1780
1781
1782
1783
1784
1784
1785
1785
1786
1788
1788
1790
1791
1792
1792
1793
1793
1793
1794
1794
1796
1797
1797
1798
1799
1800
1801
1801
1801
1802
1803
1803
1803
1806
1806
1806
1807
1808
1809
1809
1809
1810
1811
1811
1812
1813
1813
1814
1814
1816
1817
1818
1819
1821
1821
1823
1824
1824
1825
1826
1826
1827
1828
1829
1833
1835
1835
1836
1837
1837
1838
1839
1840
1841
1843
1843
1843
1843
1843
1844
1844
1844
1844
1845
1846
1846
1846
1847
1848
1848
1849
1850
1852
1852
1853
1854
1857
1859
1859
1859
1860
1861
1862
1862
1863
1863
1865
1866
1867
1868
1870
1871
1872
1873
1874
1875
1876
1877
1878
1878
1879
1880
1882
1883
1883
1884
1886
1887
1890
1890
1891
1891
1892
1893
1893
1893
1894
1895
1895
1895
1898
1898
1899
1900
1901
1904
1905
1905
1906
1906
1908
1909
1909
1910
1910
1912
1913
1915
1918
1919
1920
1923
1925
1925
1927
1927
1928
1928
1928
1929
1929
1929
1930
1930
1932
1932
1935
1935
1935
1935
1937
1939
1939
1939
1939
1940
1940
1940
1941
1944
1945
1946
1946
1947
1948
1952
1954
1954
1955
1956
1958
1959
1959
1960
1960
1960
1961
1962
1964
1966
1966
1966
1967
1967
1967
1968
1969
1969
1969
1969
1969
1969
1970
1970
1971
1971
1974
1974
1974
1975
1977
1977
1978
1978
1978
1978
1980
1980
1981
1981
1981
1982
1982
1983
1983
1985
1985
1986
1986
1986
1987
1987
1987
1989
1990
1990
1991
1995
1997
1997
1998
1999
1999
2000
2001
2001
2002
2003
2004
2004
2006
2007
2008
2008
2009
2009
2010
2010
2012
2013
2013
2014
2017
2017
2019
2019
2019
2019
2019
2021
2021
2022
2023
2024
2024
2025
2025
2025
2026
2026
2027
2027
2027
2029
2030
2030
2031
2033
2034
2034
2034
2037
2039
2039
2039
2040
2041
2042
2042
2043
2043
2043
2045
2045
2046
2050
2050
2051
2051
2052
2053
2057
2057
2058
2058
2058
2058
2058
2059
2062
2063
2064
2064
2064
2067
2068
2069
2070
2070
2071
2071
2072
2073
2074
2074
2075
2077
2077
2078
2078
2078
2078
2078
2079
2079
2080
2081
2081
2082
2083
2084
2084
2084
2087
2089
2092
2092
2092
2097
2097
2097
2098
2102
2102
2105
2106
2106
2106
2107
2108
2109
2110
2111
2112
2113
2113
2114
2115
2115
2116
2117
2118
2120
2122
2122
2123
2125
2125
2128
2128
2128
2129
2131
2131
2131
2132
2133
2133
2133
2135
2137
2138
2140
2140
2142
2142
2143
2146
2147
2147
2148
2148
2150
2155
2155
2158
2160
2162
2163
2164
2164
2169
2169
2169
2172
2172
2173
2173
2174
2174
2175
2177
2177
2178
2178
2180
2181
2181
2181
2181
2182
2184
2184
2184
2185
2185
2185
2186
2186
2187
2187
2188
2189
2190
2190
2191
2192
2192
2196
2198
2200
2201
2202
2203
2204
2206
2207
2209
2212
2214
2215
2215
2216
2216
2217
2218
2221
2223
2223
2224
2225
2228
2228
2230
2231
2232
2234
2235
2236
2236
2237
2238
2239
2241
2244
2244
2245
2245
2246
2247
2248
2249
2249
2250
2256
2256
2256
2256
2256
2257
2257
2258
2259
2260
2260
2261
2261
2262
2263
2264
2265
2266
2266
2267
2267
2268
2269
2269
2269
2269
2270
2271
2271
2271
2271
2272
2272
2273
2274
2277
2278
2279
2279
2280
2280
2280
2281
2282
2283
2283
2283
2284
2286
2286
2286
2287
2287
2290
2294
2295
2297
2297
2298
2298
2299
2299
2300
2300
2301
2302
2303
2303
2306
2307
2309
2309
2309
2309
2311
2311
2312
2312
2313
2313
2313
2313
2315
2316
2317
2319
2320
2320
2320
2321
2322
2323
2325
2327
2327
2328
2331
2331
2331
2332
2332
2332
2336
2337
2337
2338
2338
2339
2339
2339
2342
2348
2349
2351
2353
2353
2353
2354
2355
2355
2356
2357
2358
2359
2360
2361
2361
2362
2363
2363
2363
2364
2364
2365
2365
2366
2367
2367
2367
2367
2368
2369
2370
2371
2372
2374
2374
2376
2377
2381
2382
2383
2383
2384
2385
2385
2387
2388
2388
2390
2391
2392
2392
2392
2392
2392
2393
2393
2394
2394
2395
2395
2396
2397
2399
2400
2401
2401
2402
2402
2403
2404
2405
2409
2409
2409
2411
2412
2412
2414
2414
2415
2415
2416
2417
2420
2421
2421
2422
2423
2423
2423
2426
2426
2428
2428
2431
2433
2436
2436
2437
2439
2440
2441
2441
2441
2442
2443
2443
2444
2444
2446
2447
2448
2449
2449
2449
2450
2451
2452
2453
2453
2454
2454
2455
2455
2455
2456
2458
2458
2458
2458
2459
2460
2461
2462
2463
2463
2464
2465
2466
2467
2467
2469
2469
2470
2470
2471
2472
2473
2473
2474
2474
2475
2476
2478
2479
2480
2480
2480
2482
2482
2483
2483
2485
2486
2486
2486
2488
2489
2489
2490
2490
2491
2492
2492
2493
2494
2494
2494
2495
2496
2497
2498
2499
2502
2502
2504
2505
2508
2510
2510
2510
2512
2515
2515
2515
2518
2519
2519
2519
2520
2520
2521
2522
2522
2525
2525
2525
2526
2526
2529
2530
2530
2531
2531
2531
2532
2534
2534
2534
2535
2535
2535
2536
2536
2536
2536
2537
2537
2537
2537
2537
2538
2538
2539
2540
2541
2543
2544
2545
2545
2545
2546
2546
2546
2548
2548
2548
2549
2550
2550
2550
2553
2553
2553
2553
2553
2554
2555
2556
2556
2557
2560
2560
2564
2565
2566
2566
2570
2570
2570
2571
2572
2572
2575
2576
2577
2577
2577
2577
2578
2578
2580
2580
2581
2581
2581
2582
2584
2584
2584
2585
2586
2587
2588
2588
2590
2591
2591
2592
2593
2593
2593
2594
2595
2595
2598
2599
2601
2602
2602
2603
2603
2604
2604
2604
2605
2608
2608
2608
2609
2611
2614
2615
2615
2616
2617
2617
2617
2618
2618
2621
2621
2623
2624
2626
2626
2626
2630
2630
2630
2631
2633
2633
2633
2633
2633
2634
2635
2635
2636
2636
2637
2637
2639
2640
2640
2641
2641
2642
2642
2643
2645
2646
2646
2646
2646
2646
2646
2647
2648
2648
2649
2649
2650
2651
2651
2652
2655
2655
2656
2656
2658
2658
2658
2658
2659
2663
2663
2664
2664
2665
2666
2667
2667
2668
2668
2670
2671
2672
2672
2673
2673
2673
2673
2675
2677
2678
2679
2679
2681
2681
2682
2682
2682
2682
2683
2683
2684
2686
2686
2687
2687
2688
2688
2694
2694
2695
2696
2696
2696
2697
2697
2697
2697
2697
2700
2700
2700
2703
2703
2704
2704
2705
2706
2706
2707
2708
2708
2711
2711
2712
2712
2713
2713
2716
2717
2717
2718
2719
2719
2722
2722
2722
2723
2723
2725
2725
2726
2728
2729
2731
2732
2732
2732
2732
2732
2735
2735
2735
2735
2736
2736
2738
2740
2741
2741
2741
2741
2742
2743
2743
2743
2743
2744
2744
2744
2745
2751
2751
2759
2760
2761
2761
2762
2762
2764
2765
2766
2766
2767
2767
2767
2769
2770
2770
2771
2772
2772
2774
2775
2775
2776
2777
2777
2777
2778
2779
2780
2783
2783
2784
2784
2785
2785
2789
2789
2789
2789
2790
2790
2790
2792
2793
2793
2795
2795
2795
2797
2797
2798
2798
2800
2800
2800
2800
2801
2803
2804
2804
2805
2805
2805
2805
2805
2806
2806
2808
2808
2811
2812
2812
2813
2814
2815
2817
2818
2819
2820
2820
2820
2820
2822
2823
2823
2823
2824
2825
2825
2825
2826
2826
2826
2826
2826
2827
2828
2832
2834
2835
2836
2836
2837
2837
2837
2839
2840
2844
2846
2847
2847
2848
2849
2850
2851
2851
2852
2852
2853
2854
2854
2855
2856
2856
2857
2857
2859
2864
2865
2865
2866
2866
2866
2866
2866
2866
2868
2871
2871
2872
2873
2874
2877
2878
2879
2879
2880
2880
2881
2883
2885
2886
2886
2887
2888
2889
2889
2889
2890
2890
2891
2891
2893
2895
2895
2895
2898
2898
2899
2900
2900
2901
2902
2903
2904
2904
2904
2905
2907
2908
2908
2908
2908
2908
2909
2911
2911
2912
2913
2913
2914
2915
2915
2915
2915
2916
2916
2917
2918
2919
2922
2922
2922
2924
2924
2925
2925
2925
2927
2928
2930
2930
2931
2933
2933
2935
2936
2937
2937
2937
2938
2938
2939
2939
2939
2941
2942
2942
2944
2945
2946
2946
2946
2948
2949
2949
2952
2954
2955
2955
2956
2956
2957
2958
2958
2959
2959
2959
2962
2962
2963
2965
2966
2966
2968
2968
2969
2970
2972
2973
2973
2974
2974
2976
2976
2977
2977
2977
2977
2980
2981
2984
2985
2987
2987
2988
2988
2989
2990
2990
2991
2991
2992
2993
2993
2994
2994
2994
2996
2996
2996
2998
3001
3002
3002
3003
3003
3003
3003
3003
3003
3007
3008
3009
3011
3011
3011
3011
3012
3012
3013
3013
3014
3016
3016
3017
3017
3017
3018
3018
3018
3018
3019
3020
3020
3021
3023
3023
3025
3025
3025
3026
3027
3028
3028
3029
3029
3030
3030
3031
3031
3032
3034
3036
3036
3038
3038
3038
3040
3040
3042
3042
3042
3044
3045
3046
3047
3047
3048
3049
3049
3051
3052
3054
3055
3055
3055
3058
3058
3059
3059
3059
3059
3062
3063
3063
3065
3066
3066
3067
3067
3068
3068
3068
3069
3071
3071
3071
3075
3075
3076
3076
3080
3082
3083
3083
3083
3086
3086
3086
3087
3088
3089
3089
3089
3089
3089
3089
3091
3091
3092
3092
3092
3093
3093
3094
3094
3096
3097
3098
3098
3098
3098
3099
3099
3101
3102
3103
3103
3103
3104
3107
3107
3108
3108
3109
3109
3110
3112
3112
3113
3114
3115
3115
3115
3115
3115
3116
3116
3117
3117
3118
3119
3119
3121
3121
3122
3122
3123
3124
3126
3126
3127
3127
3127
3127
3127
3128
3128
3128
3129
3130
3131
3132
3133
3133
3134
3135
3136
3136
3137
3138
3140
3141
3141
3141
3142
3142
3142
3143
3144
3146
3146
3147
3147
3148
3148
3149
3150
3151
3151
3151
3152
3152
3154
3154
3154
3155
3155
3155
3156
3158
3159
3159
3160
3161
3162
3162
3162
3163
3164
3164
3164
3164
3165
3165
3168
3169
3170
3171
3172
3173
3174
3175
3175
3176
3177
3177
3178
3179
3180
3181
3183
3184
3185
3185
3186
3186
3187
3188
3188
3188
3189
3189
3190
3192
3193
3193
3196
3197
3200
3201
3205
3207
3208
3209
3211
3211
3212
3215
3215
3216
3216
3216
3216
3217
3218
3219
3219
3220
3220
3221
3224
3224
3225
3227
3227
3227
3228
3229
3230
3232
3235
3235
3236
3238
3239
3239
3239
3240
3240
3241
3242
3242
3243
3244
3244
3244
3245
3245
3245
3247
3247
3249
3250
3250
3251
3251
3252
3253
3253
3254
3254
3254
3254
3254
3255
3255
3258
3258
3258
3258
3258
3259
3260
3262
3263
3263
3264
3264
3266
3266
3267
3268
3268
3270
3270
3270
3270
3270
3271
3273
3273
3274
3275
3275
3276
3276
3276
3277
3277
3278
3279
3279
3279
3280
3280
3281
3282
3284
3284
3285
3286
3287
3288
3290
3290
3291
3291
3292
3292
3293
3293
3294
3294
3295
3295
3296
3296
3296
3296
3299
3299
3299
3301
3301
3302
3304
3305
3305
3307
3307
3308
3308
3308
3308
3310
3312
3312
3313
3314
3314
3314
3315
3315
3317
3318
3318
3320
3322
3322
3323
3323
3325
3325
3325
3326
3327
3327
3330
3330
3332
3333
3334
3335
3335
3335
3335
3335
3337
3337
3337
3337
3338
3339
3339
3339
3339
3342
3343
3343
3346
3346
3347
3348
3349
3351
3351
3351
3354
3354
3355
3356
3358
3363
3364
3366
3366
3366
3366
3367
3368
3368
3368
3368
3370
3371
3371
3373
3374
3375
3376
3376
3376
3376
3376
3377
3377
3377
3378
3379
3379
3380
3380
3381
3384
3384
3384
3385
3385
3387
3388
3388
3389
3392
3392
3392
3392
3392
3393
3393
3394
3397
3399
3399
3399
3400
3401
3402
3403
3403
3404
3405
3405
3405
3405
3406
3406
3406
3406
3407
3407
3407
3408
3409
3410
3411
3411
3411
3412
3413
3413
3414
3416
3418
3419
3420
3420
3421
3422
3423
3423
3424
3424
3424
3425
3425
3426
3426
3427
3427
3428
3428
3430
3431
3433
3435
3435
3436
3436
3437
3437
3438
3439
3439
3442
3444
3444
3446
3447
3447
3447
3449
3450
3451
3451
3451
3452
3453
3454
3455
3455
3456
3458
3458
3460
3461
3462
3462
3463
3464
3465
3466
3466
3466
3467
3467
3468
3469
3472
3472
3473
3473
3474
3474
3475
3475
3476
3480
3480
3480
3480
3481
3482
3482
3482
3485
3486
3486
3487
3488
3488
3489
3489
3490
3490
3490
3492
3492
3493
3494
3495
3495
3496
3496
3497
3498
3498
3498
3502
3502
3504
3505
3507
3507
3507
3507
3509
3511
3511
3512
3513
3514
3515
3517
3517
3517
3519
3519
3521
3521
3522
3522
3523
3525
3526
3528
3528
3529
3529
3529
3529
3532
3532
3532
3532
3533
3535
3536
3536
3537
3537
3538
3538
3539
3539
3539
3541
3541
3542
3543
3543
3544
3545
3545
3547
3547
3548
3549
3550
3550
3552
3554
3554
3554
3556
3557
3558
3558
3558
3561
3562
3563
3564
3564
3567
3567
3569
3569
3571
3571
3573
3574
3575
3575
3575
3575
3576
3578
3580
3582
3582
3583
3583
3583
3584
3584
3584
3584
3585
3586
3587
3588
3588
3588
3588
3588
3588
3589
3590
3590
3590
3590
3591
3592
3592
3593
3593
3593
3594
3595
3595
3597
3599
3599
3599
3601
3602
3603
3603
3607
3608
3610
3611
3612
3612
3612
3613
3614
3614
3614
3615
3616
3617
3619
3619
3622
3624
3624
3625
3625
3626
3629
3630
3630
3633
3634
3634
3635
3635
3636
3636
3638
3639
3639
3639
3640
3641
3642
3642
3642
3643
3643
3645
3646
3646
3647
3647
3648
3650
3651
3651
3651
3652
3654
3656
3657
3657
3658
3659
3659
3661
3662
3663
3664
3665
3667
3667
3668
3668
3669
3670
3670
3671
3671
3672
3672
3673
3673
3674
3676
3676
3676
3678
3679
3679
3684
3684
3685
3686
3688
3689
3689
3689
3690
3691
3692
3692
3693
3695
3695
3698
3699
3701
3701
3703
3704
3706
3707
3708
3709
3710
3711
3712
3713
3714
3715
3716
3716
3716
3716
3718
3718
3719
3720
3723
3723
3723
3723
3724
3724
3724
3724
3724
3724
3725
3726
3728
3728
3729
3730
3731
3731
3731
3732
3732
3732
3733
3733
3733
3734
3735
3736
3737
3737
3739
3740
3740
3740
3741
3741
3742
3742
3743
3744
3744
3745
3746
3746
3746
3746
3746
3748
3748
3748
3749
3750
3750
3751
3752
3753
3753
3753
3754
3754
3754
3755
3755
3757
3760
3761
3762
3763
3764
3765
3765
3766
3766
3769
3770
3771
3771
3772
3772
3772
3774
3774
3775
3775
3775
3775
3775
3777
3778
3778
3779
3780
3780
3780
3781
3781
3782
3783
3783
3783
3785
3785
3786
3787
3787
3788
3788
3790
3792
3793
3794
3794
3795
3795
3796
3797
3797
3799
3799
3799
3800
3801
3801
3802
3802
3803
3803
3803
3805
3805
3805
3808
3810
3810
3811
3811
3811
3811
3811
3812
3814
3814
3815
3815
3815
3817
3819
3820
3821
3822
3823
3824
3825
3826
3826
3827
3828
3828
3831
3835
3836
3836
3837
3838
3838
3840
3840
3841
3841
3842
3843
3843
3843
3846
3847
3848
3848
3848
3849
3850
3850
3850
3851
3852
3852
3853
3859
3860
3860
3860
3861
3861
3861
3861
3863
3863
3863
3864
3864
3865
3865
3866
3866
3870
3871
3871
3872
3872
3875
3876
3877
3877
3878
3878
3879
3879
3880
3880
3883
3884
3884
3885
3885
3885
3885
3886
3890
3891
3892
3894
3895
3895
3895
3897
3897
3900
3902
3902
3904
3904
3904
3905
3905
3906
3907
3909
3909
3909
3911
3911
3911
3912
3912
3913
3915
3915
3917
3917
3918
3918
3918
3921
3921
3921
3922
3922
3924
3925
3925
3926
3926
3928
3929
3930
3932
3933
3933
3933
3934
3934
3934
3937
3937
3938
3938
3938
3938
3939
3939
3940
3941
3941
3944
3945
3946
3946
3946
3947
3947
3948
3948
3948
3949
3949
3950
3951
3951
3953
3955
3955
3956
3957
3957
3958
3958
3959
3959
3961
3962
3965
3966
3967
3969
3970
3971
3972
3972
3972
3973
3974
3974
3976
3976
3979
3980
3982
3985
3985
3986
3986
3986
3987
3988
3988
3991
3991
3992
3992
3992
3992
3994
3994
3995
3995
3996
3997
3999
4000
4000
4000
4000
4001
4001
4001
4002
4003
4003
4003
4004
4005
4007
4007
4010
4010
4012
4012
4012
4016
4016
4016
4016
4016
4017
4018
4018
4019
4019
4019
4021
4024
4024
4024
4024
4024
4024
4026
4026
4026
4028
4029
4029
4029
4029
4030
4031
4031
4032
4033
4037
4038
4038
4038
4039
4040
4040
4040
4041
4041
4042
4043
4044
4045
4045
4046
4047
4047
4048
4049
4051
4053
4054
4054
4056
4056
4056
4056
4057
4059
4061
4061
4062
4063
4064
4064
4067
4068
4068
4068
4073
4076
4077
4077
4078
4078
4079
4079
4079
4081
4082
4082
4082
4083
4085
4086
4088
4088
4089
4089
4089
4090
4091
4093
4094
4095
4095
4097
4099
4100
4101
4103
4103
4103
4103
4104
4104
4106
4107
4111
4112
4113
4114
4114
4115
4115
4117
4119
4119
4121
4121
4121
4122
4123
4125
4125
4126
4126
4127
4127
4127
4129
4130
4131
4132
4132
4133
4133
4134
4134
4134
4135
4136
4136
4136
4137
4137
4138
4138
4139
4139
4141
4141
4144
4145
4145
4146
4149
4149
4150
4150
4150
4151
4153
4155
4155
4158
4159
4159
4160
4160
4161
4161
4161
4163
4164
4165
4165
4165
4167
4168
4170
4170
4171
4172
4173
4173
4175
4175
4178
4178
4179
4179
4179
4180
4181
4183
4183
4185
4186
4187
4188
4189
4190
4191
4191
4192
4192
4192
4196
4197
4197
4199
4199
4200
4200
4201
4201
4203
4204
4205
4206
4206
4207
4207
4208
4209
4210
4210
4211
4211
4213
4213
4215
4215
4215
4216
4216
4216
4217
4218
4219
4220
4220
4222
4223
4224
4224
4224
4225
4226
4226
4226
4227
4227
4228
4228
4228
4229
4229
4229
4231
4232
4233
4233
4234
4237
4237
4239
4239
4240
4240
4241
4241
4243
4244
4245
4245
4246
4250
4250
4250
4251
4252
4254
4254
4255
4255
4257
4258
4258
4259
4259
4260
4260
4261
4261
4263
4263
4263
4263
4264
4265
4265
4265
4266
4267
4267
4267
4267
4269
4269
4270
4270
4272
4272
4272
4273
4274
4275
4276
4277
4278
4280
4281
4282
4283
4286
4286
4288
4288
4289
4289
4289
4289
4290
4290
4290
4291
4291
4292
4294
4295
4296
4296
4296
4298
4299
4300
4300
4301
4301
4302
4303
4304
4305
4306
4308
4308
4309
4310
4310
4312
4312
4313
4314
4316
4317
4319
4320
4321
4321
4325
4327
4328
4329
4329
4329
4331
4331
4332
4336
4336
4336
4337
4339
4340
4341
4341
4342
4343
4343
4345
4346
4346
4347
4348
4349
4349
4349
4349
4349
4350
4350
4352
4352
4354
4355
4356
4356
4356
4356
4356
4357
4358
4360
4360
4360
4361
4361
4361
4362
4363
4363
4364
4365
4366
4368
4368
4369
4370
4370
4371
4372
4372
4373
4373
4374
4374
4376
4377
4377
4379
4380
4380
4380
4381
4382
4382
4384
4384
4387
4387
4387
4391
4391
4392
4393
4393
4393
4394
4395
4397
4397
4398
4398
4398
4399
4399
4399
4400
4400
4401
4401
4403
4403
4409
4410
4410
4411
4412
4413
4413
4414
4414
4414
4416
4417
4417
4417
4417
4420
4420
4420
4420
4424
4425
4425
4426
4427
4427
4428
4429
4430
4431
4433
4433
4440
4440
4441
4441
4442
4442
4444
4444
4446
4446
4449
4450
4450
4450
4451
4451
4451
4452
4452
4452
4454
4454
4455
4456
4456
4456
4456
4458
4458
4459
4461
4461
4464
4467
4467
4467
4468
4471
4471
4472
4472
4473
4474
4474
4475
4477
4477
4478
4478
4478
4480
4480
4481
4482
4484
4484
4485
4485
4489
4490
4490
4491
4491
4493
4494
4495
4496
4502
4503
4503
4503
4504
4504
4504
4505
4506
4506
4507
4508
4508
4508
4508
4509
4510
4513
4513
4513
4514
4514
4514
4516
4516
4517
4517
4517
4518
4518
4519
4519
4519
4522
4522
4523
4523
4526
4526
4526
4528
4528
4528
4529
4529
4532
4533
4534
4535
4535
4535
4536
4536
4540
4540
4540
4541
4541
4541
4541
4542
4543
4543
4544
4544
4544
4545
4545
4546
4550
4550
4550
4550
4553
4554
4557
4558
4559
4559
4560
4560
4561
4562
4562
4562
4563
4564
4566
4566
4566
4569
4571
4571
4572
4573
4573
4574
4574
4574
4576
4576
4577
4578
4579
4579
4580
4580
4581
4582
4582
4583
4585
4586
4587
4587
4588
4589
4591
4592
4593
4594
4596
4600
4600
4601
4601
4603
4603
4605
4606
4607
4607
4609
4611
4611
4611
4613
4613
4615
4615
4616
4616
4617
4617
4617
4619
4620
4620
4621
4621
4621
4621
4621
4621
4623
4624
4625
4625
4625
4626
4628
4630
4631
4632
4633
4633
4634
4634
4634
4639
4641
4642
4643
4644
4644
4645
4646
4646
4647
4648
4650
4651
4651
4651
4653
4654
4654
4655
4655
4657
4659
4659
4660
4661
4662
4662
4665
4665
4667
4667
4672
4673
4673
4674
4676
4676
4677
4678
4679
4679
4680
4680
4681
4681
4682
4683
4685
4686
4687
4688
4689
4689
4691
4691
4691
4693
4695
4695
4696
4696
4697
4700
4703
4705
4706
4708
4709
4710
4710
4711
4712
4713
4713
4713
4715
4716
4716
4717
4717
4719
4720
4721
4721
4721
4722
4722
4722
4722
4722
4723
4723
4724
4724
4724
4726
4727
4728
4729
4731
4731
4732
4733
4733
4734
4734
4736
4736
4737
4739
4739
4739
4739
4739
4740
4742
4745
4747
4748
4748
4748
4749
4749
4752
4752
4753
4753
4753
4757
4758
4758
4758
4759
4759
4760
4761
4761
4761
4761
4762
4762
4762
4763
4763
4763
4764
4765
4766
4767
4768
4771
4771
4771
4772
4773
4773
4773
4773
4774
4774
4774
4774
4776
4777
4779
4779
4781
4781
4781
4782
4783
4783
4786
4789
4790
4791
4791
4792
4792
4793
4794
4794
4795
4798
4798
4799
4801
4802
4802
4802
4803
4803
4803
4803
4803
4805
4805
4805
4806
4806
4808
4808
4809
4811
4811
4811
4811
4812
4812
4813
4813
4814
4814
4815
4815
4815
4816
4817
4819
4819
4821
4822
4822
4822
4823
4823
4824
4824
4825
4828
4828
4829
4829
4829
4830
4831
4831
4832
4832
4833
4833
4835
4837
4837
4837
4839
4839
4840
4841
4842
4843
4845
4845
4845
4846
4847
4848
4848
4849
4851
4852
4853
4854
4855
4855
4855
4855
4856
4857
4858
4858
4858
4858
4858
4859
4859
4860
4861
4862
4863
4863
4863
4864
4866
4867
4867
4867
4868
4868
4868
4869
4869
4871
4872
4873
4873
4874
4874
4875
4875
4878
4878
4879
4879
4880
4880
4881
4882
4884
4884
4884
4885
4885
4886
4886
4888
4888
4891
4892
4894
4895
4895
4897
4897
4898
4898
4899
4899
4900
4900
4901
4904
4904
4904
4905
4905
4906
4907
4907
4908
4909
4909
4910
4910
4912
4914
4914
4916
4917
4918
4918
4919
4919
4919
4923
4923
4923
4923
4923
4923
4924
4927
4929
4930
4930
4931
4931
4932
4933
4933
4933
4934
4935
4936
4937
4937
4938
4939
4940
4942
4943
4945
4946
4947
4948
4949
4950
4951
4953
4953
4954
4955
4955
4956
4956
4957
4958
4958
4959
4959
4960
4961
4962
4962
4964
4966
4966
4967
4968
4968
4970
4971
4973
4974
4974
4975
4976
4977
4978
4978
4978
4979
4979
4980
4982
4982
4982
4983
4983
4985
4987
4987
4989
4989
4990
4992
4993
4993
4994
4996
4996
4996
4999
4999
5000
5000
5001
5001
5003
5004
5004
5004
5004
5004
5005
5005
5008
5008
5008
5011
5011
5012
5012
5013
5013
5013
5016
5016
5016
5017
5018
5018
5018
5021
5022
5022
5023
5024
5026
5026
5027
5027
5029
5029
5029
5030
5031
5032
5033
5034
5035
5035
5035
5036
5036
5036
5038
5039
5039
5039
5040
5040
5041
5044
5044
5047
5048
5048
5048
5049
5049
5050
5050
5050
5051
5053
5053
5054
5054
5054
5055
5055
5055
5056
5058
5058
5058
5059
5059
5060
5061
5061
5062
5062
5063
5063
5065
5069
5069
5069
5069
5069
5070
5072
5073
5073
5074
5075
5079
5081
5081
5082
5082
5083
5084
5084
5084
5085
5086
5087
5087
5089
5089
5090
5091
5091
5093
5093
5093
5094
5096
5097
5097
5097
5098
5099
5100
5101
5101
5102
5102
5102
5103
5104
5104
5105
5106
5107
5107
5107
5109
5109
5110
5111
5112
5113
5113
5115
5116
5119
5120
5121
5121
5122
5122
5123
5123
5125
5126
5126
5127
5128
5129
5129
5129
5130
5133
5134
5134
5136
5136
5136
5137
5138
5139
5139
5140
5140
5140
5141
5141
5142
5143
5143
5144
5147
5147
5148
5149
5154
5155
5156
5156
5156
5157
5157
5157
5158
5158
5159
5160
5161
5163
5163
5165
5165
5166
5166
5167
5167
5168
5170
5170
5173
5174
5174
5174
5175
5178
5180
5183
5184
5185
5186
5187
5187
5187
5188
5190
5191
5192
5194
5195
5196
5197
5197
5197
5198
5199
5200
5203
5206
5206
5208
5208
5209
5214
5216
5217
5218
5218
5219
5219
5219
5219
5219
5220
5221
5222
5223
5224
5224
5224
5225
5225
5229
5230
5231
5231
5231
5232
5232
5232
5232
5232
5233
5233
5234
5235
5236
5236
5236
5238
5238
5239
5241
5243
5243
5243
5245
5246
5246
5247
5247
5250
5250
5251
5252
5253
5253
5253
5254
5254
5254
5255
5255
5256
5258
5258
5258
5259
5259
5261
5261
5263
5264
5267
5268
5268
5268
5271
5271
5272
5272
5273
5273
5274
5274
5276
5276
5277
5278
5280
5280
5280
5281
5281
5281
5283
5285
5287
5288
5289
5290
5291
5292
5292
5292
5293
5294
5295
5295
5297
5297
5297
5297
5297
5298
5298
5300
5300
5301
5301
5302
5302
5303
5303
5304
5306
5307
5308
5309
5309
5310
5312
5312
5312
5315
5317
5320
5321
5323
5323
5324
5325
5326
5327
5328
5329
5329
5330
5331
5332
5333
5334
5334
5337
5337
5340
5341
5341
5342
5344
5344
5346
5346
5347
5348
5348
5349
5349
5349
5350
5350
5353
5353
5353
5353
5355
5357
5358
5358
5358
5359
5360
5360
5360
5361
5361
5361
5362
5364
5364
5365
5365
5366
5367
5367
5367
5370
5371
5371
5371
5371
5371
5372
5372
5372
5374
5375
5376
5377
5377
5378
5378
5379
5381
5382
5383
5384
5386
5386
5387
5387
5388
5388
5390
5390
5390
5392
5393
5393
5393
5393
5394
5394
5394
5395
5395
5396
5397
5398
5398
5398
5398
5399
5399
5400
5401
5401
5403
5404
5405
5406
5406
5406
5408
5409
5409
5411
5414
5416
5416
5417
5418
5420
5420
5420
5420
5421
5422
5422
5423
5424
5425
5426
5426
5427
5429
5429
5429
5429
5435
5435
5435
5436
5437
5437
5438
5441
5442
5443
5443
5444
5446
5448
5449
5450
5452
5452
5453
5454
5454
5455
5455
5458
5459
5461
5462
5462
5463
5464
5464
5464
5465
5465
5467
5467
5468
5470
5470
5474
5475
5475
5478
5478
5481
5482
5482
5483
5484
5489
5489
5490
5491
5494
5497
5498
5501
5501
5501
5502
5503
5504
5504
5505
5505
5507
5507
5509
5509
5510
5511
5513
5513
5513
5513
5514
5517
5517
5517
5518
5519
5521
5521
5522
5523
5524
5524
5524
5525
5525
5525
5525
5525
5526
5526
5526
5527
5530
5531
5534
5534
5535
5536
5536
5536
5537
5537
5538
5540
5541
5542
5542
5542
5545
5545
5546
5547
5547
5547
5549
5550
5552
5553
5553
5553
5554
5556
5557
5558
5558
5559
5559
5559
5560
5562
5563
5563
5566
5566
5568
5569
5569
5569
5569
5569
5569
5571
5571
5573
5574
5575
5575
5576
5577
5578
5579
5580
5580
5580
5582
5582
5584
5586
5586
5586
5586
5587
5587
5587
5588
5589
5589
5590
5590
5590
5591
5592
5593
5593
5593
5594
5595
5599
5599
5602
5602
5602
5603
5603
5609
5610
5610
5610
5611
5613
5614
5615
5616
5617
5618
5619
5619
5620
5620
5620
5623
5625
5627
5627
5628
5628
5628
5629
5630
5630
5631
5632
5632
5632
5633
5633
5633
5633
5633
5634
5634
5634
5636
5636
5637
5637
5638
5638
5638
5639
5639
5640
5640
5640
5643
5643
5644
5645
5645
5645
5646
5647
5648
5648
5648
5649
5649
5649
5649
5649
5651
5651
5652
5653
5653
5655
5655
5656
5656
5658
5659
5660
5661
5662
5663
5663
5663
5664
5664
5665
5666
5666
5667
5668
5670
5671
5671
5671
5671
5672
5672
5673
5674
5676
5677
5677
5678
5678
5678
5679
5679
5680
5680
5681
5683
5686
5686
5687
5687
5688
5690
5690
5690
5691
5691
5692
5692
5695
5696
5696
5697
5698
5698
5699
5699
5700
5702
5702
5702
5705
5708
5708
5709
5710
5710
5715
5715
5715
5719
5722
5725
5725
5726
5731
5733
5734
5735
5735
5736
5736
5737
5737
5737
5737
5738
5738
5740
5743
5746
5747
5750
5751
5751
5751
5751
5752
5754
5754
5755
5756
5756
5756
5757
5757
5757
5758
5761
5761
5762
5763
5764
5766
5766
5766
5766
5766
5767
5767
5768
5768
5770
5770
5771
5771
5772
5772
5772
5772
5776
5777
5779
5779
5779
5780
5780
5782
5783
5783
5783
5783
5784
5785
5787
5787
5787
5788
5788
5789
5789
5790
5791
5791
5793
5794
5795
5796
5797
5798
5803
5805
5806
5811
5811
5811
5812
5813
5813
5814
5815
5815
5815
5818
5818
5819
5820
5821
5822
5822
5822
5825
5826
5826
5827
5828
5828
5828
5829
5829
5830
5830
5831
5832
5835
5835
5836
5836
5837
5837
5837
5838
5838
5839
5840
5841
5842
5843
5844
5846
5846
5847
5847
5848
5848
5849
5849
5849
5849
5850
5850
5852
5852
5853
5856
5856
5857
5860
5860
5861
5861
5861
5863
5864
5866
5866
5866
5867
5870
5871
5871
5873
5873
5874
5875
5876
5877
5877
5878
5878
5880
5880
5880
5881
5882
5882
5884
5885
5888
5889
5890
5890
5891
5892
5894
5896
5897
5897
5898
5900
5900
5900
5901
5901
5901
5901
5902
5902
5903
5904
5904
5904
5907
5907
5910
5910
5911
5915
5915
5916
5917
5917
5918
5919
5920
5921
5921
5921
5923
5926
5926
5927
5931
5931
5931
5932
5933
5935
5936
5936
5939
5941
5941
5941
5941
5942
5944
5944
5944
5945
5946
5946
5948
5949
5950
5951
5951
5953
5953
5954
5955
5956
5957
5957
5957
5957
5960
5961
5961
5962
5963
5963
5963
5965
5966
5968
5969
5972
5973
5973
5974
5975
5979
5980
5981
5981
5982
5982
5985
5986
5987
5987
5987
5987
5989
5991
5992
5992
5993
5994
5994
5995
5996
5996
5997
5998
5999
6000
6002
6003
6004
6008
6008
6008
6009
6009
6010
6010
6010
6011
6011
6012
6012
6013
6015
6016
6018
6020
6020
6020
6020
6022
6023
6026
6028
6028
6028
6030
6031
6031
6032
6033
6033
6034
6035
6038
6040
6041
6041
6042
6042
6042
6043
6044
6044
6044
6046
6048
6049
6050
6051
6052
6052
6054
6055
6056
6056
6057
6057
6057
6059
6059
6060
6061
6062
6063
6063
6063
6064
6065
6067
6068
6069
6069
6070
6070
6072
6073
6074
6074
6074
6075
6077
6080
6080
6081
6081
6082
6082
6083
6085
6085
6087
6087
6090
6090
6090
6091
6094
6097
6100
6100
6101
6101
6101
6102
6103
6107
6108
6108
6109
6109
6110
6110
6112
6112
6113
6114
6114
6115
6115
6115
6116
6116
6117
6118
6120
6121
6121
6122
6123
6125
6126
6127
6127
6128
6129
6131
6131
6132
6132
6133
6133
6133
6134
6135
6137
6138
6140
6144
6144
6144
6145
6145
6146
6148
6148
6149
6153
6155
6158
6162
6163
6164
6164
6164
6165
6165
6167
6169
6169
6171
6171
6171
6172
6172
6173
6173
6175
6176
6176
6176
6179
6179
6180
6181
6181
6181
6182
6183
6184
6186
6186
6187
6187
6188
6190
6191
6192
6193
6193
6193
6194
6195
6195
6198
6199
6199
6199
6201
6202
6203
6204
6204
6204
6204
6204
6206
6206
6207
6208
6208
6213
6213
6215
6215
6215
6217
6218
6219
6220
6221
6222
6222
6223
6223
6223
6223
6224
6225
6227
6228
6228
6229
6229
6229
6229
6232
6234
6234
6235
6235
6236
6236
6237
6238
6239
6240
6241
6242
6243
6244
6244
6248
6248
6249
6249
6250
6253
6254
6255
6256
6256
6256
6260
6261
6261
6261
6263
6263
6264
6265
6266
6267
6269
6269
6269
6270
6271
6271
6273
6273
6274
6274
6274
6275
6275
6276
6276
6278
6278
6279
6279
6279
6283
6285
6285
6285
6286
6286
6289
6289
6291
6293
6293
6293
6294
6295
6295
6296
6298
6299
6300
6301
6301
6301
6304
6304
6305
6305
6306
6307
6308
6308
6308
6312
6312
6313
6313
6314
6314
6315
6315
6316
6316
6316
6317
6317
6318
6319
6320
6320
6321
6326
6326
6326
6326
6328
6329
6330
6330
6335
6337
6338
6340
6343
6343
6344
6344
6346
6346
6347
6347
6348
6348
6348
6348
6350
6350
6351
6352
6352
6354
6355
6357
6358
6360
6360
6360
6360
6362
6362
6363
6364
6364
6365
6366
6367
6368
6368
6369
6370
6371
6373
6377
6378
6379
6380
6380
6381
6383
6383
6384
6384
6384
6384
6385
6385
6386
6388
6389
6390
6391
6391
6392
6392
6394
6394
6394
6394
6394
6397
6397
6397
6399
6400
6400
6401
6401
6401
6402
6402
6403
6404
6404
6405
6405
6406
6406
6406
6406
6407
6408
6408
6410
6410
6411
6412
6413
6414
6415
6416
6416
6416
6419
6420
6420
6421
6421
6422
6424
6425
6425
6426
6426
6427
6428
6429
6429
6430
6432
6433
6435
6436
6436
6437
6437
6438
6438
6439
6440
6441
6442
6442
6443
6444
6446
6446
6446
6446
6447
6447
6448
6448
6448
6450
6450
6452
6454
6459
6459
6459
6460
6462
6466
6466
6466
6466
6467
6467
6469
6469
6470
6470
6470
6470
6473
6474
6474
6475
6476
6476
6476
6477
6478
6478
6479
6479
6479
6481
6485
6487
6491
6491
6491
6492
6493
6494
6494
6494
6495
6498
6500
6501
6502
6504
6504
6505
6506
6509
6509
6510
6510
6512
6512
6514
6514
6517
6517
6518
6519
6519
6521
6522
6522
6523
6523
6524
6525
6525
6527
6528
6529
6529
6529
6532
6533
6534
6534
6534
6534
6535
6535
6536
6536
6537
6537
6538
6540
6540
6541
6541
6541
6545
6546
6547
6550
6550
6552
6554
6554
6555
6556
6557
6558
6558
6559
6563
6564
6566
6568
6568
6568
6570
6573
6575
6575
6576
6576
6577
6577
6577
6579
6580
6581
6582
6582
6582
6583
6585
6585
6586
6587
6587
6587
6588
6590
6590
6590
6591
6592
6593
6594
6596
6597
6598
6598
6598
6599
6601
6601
6602
6605
6605
6605
6606
6607
6607
6609
6611
6611
6613
6613
6614
6614
6614
6615
6615
6616
6617
6618
6618
6618
6619
6619
6619
6620
6620
6620
6620
6621
6621
6622
6623
6623
6625
6625
6625
6627
6627
6628
6628
6628
6629
6630
6631
6631
6633
6634
6635
6635
6635
6635
6635
6636
6636
6637
6637
6638
6638
6640
6640
6642
6643
6644
6645
6646
6647
6648
6648
6649
6651
6651
6651
6652
6653
6654
6655
6656
6657
6658
6661
6662
6662
6662
6664
6665
6665
6666
6667
6668
6669
6670
6670
6671
6673
6674
6675
6675
6676
6677
6678
6678
6679
6679
6679
6680
6680
6681
6681
6682
6683
6685
6685
6686
6688
6688
6689
6691
6691
6691
6692
6692
6693
6693
6693
6696
6698
6701
6701
6702
6703
6703
6703
6704
6705
6705
6707
6708
6709
6709
6709
6710
6710
6712
6714
6715
6715
6716
6716
6717
6717
6717
6717
6717
6718
6719
6720
6720
6725
6725
6725
6726
6727
6727
6728
6728
6728
6729
6729
6729
6729
6729
6730
6731
6732
6732
6732
6732
6733
6736
6737
6737
6739
6739
6740
6740
6741
6742
6742
6742
6742
6743
6743
6745
6746
6747
6747
6748
6749
6750
6754
6755
6756
6757
6758
6759
6759
6759
6761
6761
6762
6762
6762
6764
6765
6765
6766
6766
6768
6770
6771
6771
6772
6773
6773
6773
6774
6774
6776
6776
6778
6778
6779
6780
6783
6784
6784
6784
6786
6786
6786
6787
6787
6788
6788
6789
6790
6791
6791
6792
6793
6794
6794
6794
6796
6796
6796
6797
6798
6800
6803
6803
6804
6807
6808
6808
6808
6809
6811
6811
6813
6813
6814
6814
6814
6814
6814
6814
6817
6817
6818
6818
6818
6819
6819
6820
6820
6821
6821
6822
6823
6824
6824
6826
6826
6826
6829
6829
6830
6830
6831
6832
6833
6835
6835
6835
6836
6838
6839
6840
6840
6841
6841
6843
6843
6844
6844
6844
6845
6845
6845
6847
6847
6848
6848
6848
6849
6849
6849
6851
6853
6854
6855
6856
6857
6858
6858
6858
6858
6859
6859
6860
6860
6861
6862
6862
6862
6862
6862
6864
6866
6867
6868
6869
6869
6871
6872
6872
6874
6875
6875
6875
6876
6876
6878
6879
6880
6882
6884
6885
6886
6887
6887
6887
6888
6889
6889
6890
6891
6892
6892
6893
6893
6893
6893
6894
6894
6894
6894
6894
6895
6896
6897
6897
6899
6900
6900
6903
6903
6904
6904
6905
6910
6917
6917
6918
6918
6919
6919
6919
6921
6922
6922
6923
6926
6927
6928
6930
6932
6934
6937
6938
6938
6939
6941
6941
6943
6943
6944
6945
6945
6945
6945
6946
6948
6948
6949
6950
6951
6952
6953
6957
6957
6957
6958
6958
6959
6959
6961
6962
6962
6966
6966
6966
6967
6967
6967
6969
6969
6969
6973
6974
6974
6974
6975
6975
6976
6978
6978
6979
6984
6984
6985
6986
6986
6987
6987
6987
6988
6988
6990
6992
6992
6992
6993
6993
6994
6999
6999
7000
7002
7003
7003
7004
7006
7006
7007
7009
7009
7009
7009
7011
7011
7011
7012
7013
7013
7013
7015
7015
7016
7017
7018
7019
7021
7022
7023
7023
7024
7026
7027
7028
7029
7029
7029
7030
7032
7034
7034
7034
7035
7038
7039
7039
7042
7042
7043
7045
7045
7046
7046
7047
7047
7047
7047
7047
7047
7047
7048
7049
7049
7050
7050
7054
7054
7055
7056
7057
7059
7060
7061
7062
7063
7064
7064
7066
7066
7069
7070
7071
7072
7074
7075
7075
7076
7077
7078
7081
7083
7084
7084
7085
7085
7086
7086
7086
7087
7087
7090
7090
7091
7093
7094
7095
7095
7097
7097
7097
7099
7102
7103
7103
7104
7104
7106
7106
7106
7107
7108
7108
7108
7109
7109
7111
7111
7115
7115
7116
7116
7117
7119
7120
7121
7121
7122
7125
7126
7127
7128
7128
7129
7130
7132
7133
7134
7134
7135
7135
7135
7135
7136
7137
7138
7140
7140
7140
7144
7144
7146
7147
7147
7148
7149
7149
7150
7151
7156
7156
7158
7158
7159
7159
7159
7159
7159
7159
7161
7164
7164
7167
7167
7168
7169
7169
7170
7170
7170
7171
7171
7171
7173
7173
7175
7175
7176
7180
7180
7180
7180
7182
7182
7183
7184
7184
7184
7184
7185
7186
7187
7190
7191
7192
7193
7193
7194
7195
7196
7196
7196
7197
7198
7200
7200
7200
7200
7202
7204
7205
7205
7205
7206
7206
7206
7208
7209
7210
7210
7211
7212
7213
7214
7214
7217
7217
7217
7219
7219
7219
7219
7220
7220
7220
7220
7220
7224
7224
7225
7225
7226
7226
7226
7228
7232
7232
7232
7232
7233
7233
7233
7234
7234
7234
7235
7236
7237
7238
7240
7240
7243
7245
7247
7247
7248
7253
7256
7256
7256
7258
7258
7259
7259
7259
7259
7260
7260
7262
7262
7263
7263
7263
7264
7265
7265
7266
7267
7268
7268
7268
7269
7269
7272
7273
7273
7273
7275
7275
7276
7276
7278
7279
7279
7280
7281
7284
7286
7287
7287
7287
7288
7288
7289
7289
7290
7290
7291
7291
7291
7292
7294
7294
7294
7296
7298
7298
7299
7301
7303
7303
7305
7305
7305
7310
7311
7312
7313
7313
7313
7316
7316
7316
7318
7319
7320
7320
7320
7323
7323
7323
7324
7324
7326
7326
7329
7330
7330
7330
7331
7332
7334
7336
7336
7336
7338
7339
7339
7340
7341
7342
7343
7343
7344
7345
7345
7347
7347
7347
7347
7350
7350
7355
7355
7355
7358
7360
7361
7361
7361
7362
7362
7362
7363
7364
7365
7366
7367
7368
7368
7370
7371
7372
7374
7375
7376
7378
7378
7380
7380
7381
7381
7382
7383
7384
7384
7386
7389
7392
7392
7394
7394
7394
7396
7396
7398
7398
7399
7399
7400
7402
7402
7403
7403
7403
7404
7406
7407
7407
7407
7409
7410
7410
7411
7411
7413
7413
7414
7414
7416
7417
7418
7419
7420
7421
7421
7423
7423
7426
7427
7427
7429
7432
7435
7436
7438
7438
7440
7441
7443
7443
7443
7443
7445
7447
7448
7448
7449
7449
7449
7449
7450
7451
7451
7451
7452
7453
7453
7455
7455
7455
7457
7457
7457
7458
7459
7460
7461
7461
7461
7461
7461
7462
7462
7462
7462
7462
7465
7465
7465
7465
7466
7467
7467
7467
7470
7471
7472
7475
7477
7478
7479
7479
7479
7480
7482
7482
7485
7485
7486
7487
7488
7489
7490
7490
7491
7491
7492
7492
7494
7495
7496
7497
7497
7497
7498
7499
7499
7499
7500
7503
7503
7504
7504
7504
7504
7505
7507
7508
7508
7508
7508
7509
7511
7512
7515
7515
7516
7517
7517
7519
7519
7520
7520
7522
7523
7523
7524
7525
7525
7526
7526
7528
7528
7528
7529
7531
7531
7533
7534
7534
7535
7535
7535
7535
7536
7539
7539
7542
7542
7542
7544
7545
7547
7547
7548
7549
7549
7549
7549
7549
7550
7550
7550
7551
7552
7553
7553
7554
7554
7554
7555
7555
7556
7557
7557
7558
7558
7559
7560
7560
7561
7561
7562
7563
7563
7565
7566
7566
7569
7569
7570
7573
7574
7574
7575
7576
7580
7582
7582
7582
7584
7584
7586
7587
7587
7588
7589
7590
7592
7592
7592
7592
7593
7593
7595
7596
7598
7598
7599
7599
7600
7601
7601
7602
7603
7604
7604
7605
7609
7610
7612
7613
7614
7614
7614
7614
7616
7617
7617
7618
7619
7620
7620
7621
7621
7621
7621
7622
7622
7624
7624
7624
7626
7626
7626
7628
7628
7628
7629
7629
7629
7630
7630
7630
7632
7632
7634
7635
7635
7636
7636
7637
7638
7638
7639
7639
7641
7642
7644
7645
7645
7646
7646
7647
7649
7649
7651
7655
7656
7656
7659
7659
7659
7661
7661
7661
7662
7663
7664
7664
7667
7667
7668
7669
7671
7673
7673
7675
7676
7676
7677
7678
7678
7679
7679
7681
7681
7684
7684
7686
7686
7689
7689
7689
7691
7692
7692
7692
7694
7695
7696
7696
7696
7697
7697
7697
7698
7698
7699
7700
7700
7700
7701
7702
7702
7704
7704
7704
7705
7706
7707
7708
7708
7712
7713
7713
7713
7713
7716
7719
7719
7719
7720
7720
7721
7722
7724
7725
7725
7725
7725
7726
7726
7726
7727
7727
7728
7728
7729
7731
7731
7731
7732
7732
7732
7733
7735
7735
7739
7740
7741
7742
7743
7743
7744
7744
7744
7744
7745
7747
7749
7749
7750
7751
7752
7752
7753
7754
7754
7755
7758
7758
7758
7759
7759
7759
7760
7762
7763
7764
7766
7767
7767
7768
7768
7768
7770
7771
7771
7773
7773
7773
7774
7776
7779
7780
7780
7780
7781
7781
7781
7782
7784
7785
7785
7786
7787
7787
7788
7788
7788
7788
7788
7790
7790
7790
7791
7792
7792
7792
7792
7793
7793
7795
7796
7796
7797
7798
7799
7799
7800
7800
7800
7800
7801
7801
7802
7803
7803
7803
7805
7805
7805
7806
7806
7810
7811
7811
7811
7812
7813
7814
7814
7817
7818
7822
7824
7825
7826
7827
7830
7831
7831
7832
7832
7835
7837
7837
7838
7838
7838
7840
7841
7842
7842
7844
7844
7845
7846
7847
7847
7847
7848
7850
7850
7850
7851
7851
7852
7852
7853
7853
7855
7855
7856
7859
7860
7860
7861
7862
7863
7863
7863
7864
7866
7866
7867
7867
7868
7868
7870
7871
7871
7871
7873
7874
7874
7874
7875
7876
7877
7877
7878
7878
7878
7881
7881
7882
7882
7882
7884
7884
7885
7887
7889
7889
7889
7890
7892
7893
7893
7894
7894
7896
7896
7897
7898
7898
7901
7901
7901
7902
7902
7903
7903
7905
7905
7905
7907
7908
7909
7909
7911
7912
7912
7914
7915
7916
7918
7918
7920
7921
7921
7922
7922
7923
7923
7923
7925
7925
7927
7928
7928
7930
7931
7934
7934
7936
7938
7938
7940
7940
7943
7944
7945
7946
7946
7946
7946
7946
7947
7947
7948
7950
7951
7951
7952
7953
7955
7955
7955
7955
7956
7956
7956
7959
7959
7960
7961
7962
7962
7963
7964
7964
7965
7965
7967
7967
7968
7969
7969
7970
7970
7971
7972
7972
7972
7975
7976
7977
7978
7979
7980
7980
7980
7982
7982
7982
7983
7983
7983
7983
7984
7985
7986
7986
7987
7989
7991
7991
7993
7993
7994
7994
7995
7995
7995
7995
7997
8000
8000
8001
8001
8001
8002
8002
8003
8003
8003
8004
8004
8005
8006
8006
8006
8006
8007
8008
8008
8008
8008
8009
8010
8010
8011
8013
8013
8013
8014
8014
8014
8014
8015
8015
8016
8016
8016
8017
8017
8017
8017
8017
8018
8019
8020
8020
8020
8021
8022
8023
8026
8026
8027
8027
8028
8030
8030
8030
8032
8032
8033
8035
8036
8036
8036
8036
8037
8037
8037
8037
8039
8040
8041
8042
8042
8042
8044
8044
8046
8049
8049
8052
8053
8054
8054
8055
8056
8060
8060
8061
8063
8064
8064
8065
8066
8067
8067
8069
8069
8071
8071
8073
8074
8075
8075
8075
8075
8075
8076
8076
8077
8079
8079
8079
8080
8081
8083
8084
8084
8086
8087
8087
8087
8088
8088
8089
8090
8090
8090
8090
8090
8091
8091
8091
8094
8097
8098
8099
8099
8099
8101
8101
8104
8106
8106
8107
8108
8109
8109
8109
8109
8112
8113
8115
8115
8116
8120
8122
8122
8123
8123
8124
8124
8124
8125
8125
8126
8127
8127
8127
8128
8128
8129
8130
8130
8131
8133
8135
8136
8137
8138
8138
8138
8139
8140
8140
8140
8140
8140
8141
8141
8142
8142
8142
8142
8143
8143
8144
8145
8145
8147
8148
8151
8152
8153
8155
8155
8156
8158
8159
8160
8160
8161
8162
8163
8164
8165
8165
8166
8166
8167
8167
8168
8168
8168
8170
8170
8171
8175
8175
8176
8176
8177
8178
8180
8182
8183
8183
8185
8185
8185
8188
8188
8189
8190
8190
8191
8192
8192
8194
8194
8195
8195
8195
8196
8197
8198
8198
8200
8201
8202
8203
8203
8203
8203
8203
8204
8205
8205
8205
8206
8206
8206
8208
8209
8210
8210
8210
8211
8212
8213
8214
8215
8216
8218
8218
8219
8219
8219
8220
8220
8222
8224
8227
8227
8228
8229
8229
8229
8231
8231
8232
8233
8233
8234
8234
8234
8234
8236
8237
8239
8240
8241
8243
8243
8243
8244
8247
8248
8248
8249
8249
8249
8249
8251
8251
8252
8252
8252
8253
8254
8254
8255
8256
8257
8258
8259
8261
8261
8262
8262
8263
8264
8264
8264
8265
8266
8266
8267
8267
8270
8270
8270
8271
8273
8274
8275
8276
8276
8277
8278
8279
8280
8280
8281
8282
8282
8283
8284
8287
8288
8288
8289
8290
8292
8292
8293
8294
8294
8295
8297
8298
8299
8300
8301
8301
8301
8302
8304
8308
8310
8310
8310
8313
8314
8315
8315
8315
8316
8316
8318
8320
8321
8322
8323
8324
8325
8325
8326
8326
8327
8327
8327
8328
8329
8329
8333
8334
8334
8335
8335
8336
8337
8342
8342
8344
8344
8345
8346
8346
8347
8348
8350
8351
8352
8352
8355
8355
8355
8355
8355
8356
8357
8359
8362
8362
8364
8364
8365
8365
8366
8366
8368
8368
8371
8373
8374
8376
8378
8378
8379
8381
8384
8384
8386
8386
8387
8387
8389
8389
8390
8390
8390
8391
8391
8391
8391
8391
8392
8395
8396
8396
8399
8399
8400
8401
8402
8404
8406
8406
8407
8407
8407
8407
8408
8408
8409
8410
8411
8411
8411
8411
8412
8412
8412
8413
8413
8413
8414
8416
8416
8416
8416
8417
8418
8419
8420
8421
8422
8422
8424
8424
8424
8424
8425
8425
8426
8430
8432
8432
8433
8433
8434
8434
8437
8437
8438
8439
8439
8440
8441
8442
8443
8443
8445
8445
8446
8447
8447
8448
8449
8450
8450
8451
8452
8453
8454
8455
8456
8456
8456
8458
8459
8459
8459
8462
8463
8464
8464
8464
8465
8467
8467
8468
8470
8470
8472
8472
8472
8473
8473
8475
8476
8477
8479
8479
8481
8482
8482
8482
8483
8483
8484
8489
8491
8491
8492
8492
8492
8492
8495
8495
8496
8496
8496
8497
8497
8497
8498
8498
8498
8499
8499
8500
8500
8501
8501
8501
8502
8502
8502
8503
8503
8505
8505
8508
8508
8508
8509
8509
8511
8511
8513
8514
8515
8516
8516
8518
8521
8521
8522
8522
8525
8526
8528
8529
8530
8530
8531
8531
8532
8532
8534
8534
8536
8537
8537
8539
8539
8540
8540
8542
8542
8542
8542
8547
8548
8548
8549
8549
8549
8551
8553
8553
8554
8555
8557
8558
8558
8560
8561
8562
8562
8562
8564
8565
8566
8566
8568
8569
8569
8571
8572
8572
8574
8576
8578
8578
8579
8580
8581
8581
8581
8584
8585
8585
8586
8587
8587
8587
8588
8588
8589
8589
8590
8591
8591
8592
8592
8593
8593
8593
8593
8594
8594
8597
8597
8597
8597
8598
8599
8600
8600
8602
8603
8603
8603
8603
8605
8605
8605
8606
8609
8609
8609
8609
8609
8610
8610
8612
8613
8616
8619
8619
8619
8620
8620
8621
8621
8622
8623
8623
8623
8625
8626
8628
8628
8628
8629
8629
8630
8630
8631
8631
8633
8635
8636
8638
8639
8640
8640
8641
8641
8641
8642
8643
8643
8643
8644
8644
8645
8647
8648
8648
8650
8651
8652
8656
8657
8657
8660
8660
8660
8661
8661
8661
8662
8664
8664
8664
8665
8667
8668
8669
8669
8669
8670
8670
8671
8671
8672
8675
8675
8676
8676
8677
8677
8679
8680
8680
8680
8681
8681
8682
8684
8685
8685
8685
8686
8688
8688
8689
8691
8692
8695
8695
8698
8701
8701
8702
8705
8705
8705
8707
8708
8708
8710
8714
8714
8715
8716
8716
8718
8719
8721
8723
8724
8724
8724
8726
8726
8726
8727
8728
8728
8729
8729
8730
8732
8733
8734
8734
8734
8735
8735
8736
8738
8740
8741
8741
8742
8744
8744
8745
8745
8746
8748
8754
8754
8755
8756
8757
8757
8759
8762
8765
8767
8767
8767
8770
8770
8770
8770
8772
8773
8773
8774
8774
8774
8775
8775
8775
8776
8776
8776
8778
8779
8780
8780
8780
8780
8781
8782
8783
8784
8785
8785
8785
8786
8786
8787
8787
8788
8788
8788
8789
8790
8790
8793
8794
8795
8797
8798
8798
8798
8801
8802
8803
8804
8805
8805
8805
8806
8809
8809
8811
8811
8812
8813
8814
8814
8814
8815
8817
8817
8817
8818
8819
8819
8820
8820
8820
8820
8821
8821
8821
8828
8828
8829
8830
8830
8831
8832
8833
8838
8838
8838
8839
8839
8840
8845
8846
8846
8847
8847
8848
8848
8848
8849
8850
8851
8852
8855
8855
8855
8855
8856
8856
8857
8858
8859
8859
8859
8859
8860
8860
8861
8861
8863
8864
8864
8865
8866
8867
8867
8868
8869
8869
8870
8871
8872
8873
8874
8875
8876
8876
8880
8880
8881
8881
8881
8881
8884
8884
8884
8885
8886
8886
8887
8888
8888
8888
8888
8888
8888
8889
8889
8890
8890
8894
8895
8896
8897
8898
8898
8900
8900
8901
8902
8902
8903
8903
8904
8905
8905
8905
8905
8906
8906
8908
8909
8909
8909
8910
8911
8912
8912
8912
8913
8913
8914
8914
8916
8917
8917
8918
8918
8918
8919
8920
8920
8922
8923
8926
8927
8927
8929
8929
8930
8931
8931
8932
8932
8934
8934
8935
8937
8939
8942
8943
8943
8945
8945
8946
8947
8948
8948
8948
8949
8949
8953
8954
8955
8955
8956
8956
8957
8957
8957
8958
8959
8959
8960
8960
8960
8961
8961
8961
8963
8963
8964
8966
8969
8969
8969
8969
8969
8970
8970
8971
8972
8972
8973
8973
8973
8974
8975
8975
8978
8979
8980
8981
8982
8983
8985
8985
8986
8989
8989
8989
8990
8990
8990
8990
8991
8993
8994
8996
8999
8999
9000
9002
9003
9003
9005
9006
9006
9007
9008
9008
9010
9010
9012
9013
9015
9016
9019
9019
9020
9020
9022
9022
9026
9026
9029
9030
9032
9033
9033
9034
9034
9035
9035
9038
9040
9040
9040
9041
9041
9042
9042
9043
9043
9044
9044
9046
9046
9046
9048
9048
9050
9051
9053
9053
9054
9054
9057
9057
9057
9057
9057
9058
9059
9061
9061
9062
9062
9063
9064
9064
9064
9065
9065
9067
9067
9068
9068
9072
9073
9074
9076
9077
9079
9083
9083
9084
9085
9088
9090
9091
9092
9093
9094
9094
9094
9095
9096
9096
9097
9097
9098
9098
9100
9104
9105
9106
9108
9109
9111
9111
9112
9112
9112
9112
9112
9113
9114
9115
9115
9116
9116
9116
9119
9120
9121
9122
9123
9124
9128
9129
9129
9130
9131
9131
9132
9132
9132
9133
9133
9133
9134
9134
9135
9136
9137
9138
9138
9138
9140
9141
9141
9141
9142
9142
9144
9145
9145
9146
9146
9149
9151
9153
9154
9154
9155
9155
9155
9155
9158
9158
9159
9159
9160
9162
9165
9165
9165
9165
9166
9167
9168
9170
9170
9170
9171
9172
9174
9175
9175
9176
9178
9179
9180
9180
9181
9181
9182
9182
9189
9189
9189
9189
9190
9191
9194
9195
9196
9200
9201
9202
9202
9205
9205
9206
9207
9208
9208
9208
9209
9209
9210
9220
9220
9220
9222
9222
9224
9224
9228
9228
9228
9229
9229
9229
9230
9230
9230
9231
9233
9235
9235
9235
9236
9236
9236
9237
9238
9239
9240
9240
9240
9241
9242
9242
9243
9245
9245
9246
9246
9247
9248
9249
9250
9255
9256
9259
9260
9260
9261
9263
9264
9264
9264
9265
9267
9268
9268
9269
9270
9271
9271
9271
9272
9272
9275
9275
9276
9276
9277
9277
9279
9279
9279
9283
9283
9284
9284
9285
9285
9285
9285
9289
9290
9290
9291
9294
9294
9296
9296
9297
9297
9297
9297
9297
9297
9300
9301
9302
9303
9304
9304
9305
9306
9309
9309
9310
9311
9316
9317
9318
9319
9320
9323
9324
9324
9328
9329
9329
9330
9331
9333
9334
9336
9337
9337
9339
9339
9339
9341
9341
9343
9343
9343
9344
9348
9348
9350
9351
9351
9351
9351
9352
9353
9356
9356
9356
9356
9357
9360
9360
9361
9361
9363
9363
9364
9364
9366
9366
9367
9367
9368
9369
9370
9370
9370
9371
9371
9372
9374
9374
9378
9379
9379
9379
9382
9382
9383
9383
9385
9385
9388
9388
9388
9389
9389
9389
9390
9391
9392
9392
9394
9396
9397
9398
9399
9401
9402
9402
9402
9404
9405
9406
9407
9407
9407
9408
9409
9411
9411
9413
9413
9413
9414
9415
9415
9416
9417
9418
9419
9421
9422
9422
9423
9428
9430
9430
9430
9430
9430
9430
9430
9431
9433
9434
9434
9436
9436
9436
9437
9439
9440
9440
9442
9443
9444
9445
9446
9446
9446
9448
9451
9452
9453
9457
9457
9457
9457
9458
9459
9461
9461
9463
9463
9463
9463
9464
9464
9464
9464
9465
9465
9466
9466
9468
9468
9468
9469
9470
9471
9472
9474
9474
9476
9477
9478
9478
9479
9480
9481
9481
9482
9482
9483
9484
9484
9484
9485
9485
9487
9487
9488
9489
9489
9490
9490
9490
9490
9491
9492
9492
9493
9494
9495
9496
9497
9497
9499
9499
9499
9500
9502
9503
9505
9507
9508
9508
9509
9509
9511
9511
9513
9516
9517
9517
9518
9518
9519
9519
9520
9521
9522
9525
9525
9527
9529
9531
9533
9535
9537
9537
9537
9538
9540
9542
9543
9544
9545
9546
9546
9547
9549
9550
9550
9551
9552
9552
9557
9557
9557
9558
9558
9558
9559
9561
9562
9562
9563
9564
9565
9567
9569
9570
9572
9572
9572
9573
9575
9578
9578
9578
9579
9579
9580
9580
9581
9582
9582
9583
9583
9585
9588
9588
9589
9589
9589
9589
9591
9592
9592
9592
9594
9595
9595
9595
9596
9597
9597
9598
9601
9602
9607
9608
9608
9609
9610
9610
9612
9613
9613
9613
9613
9614
9614
9616
9617
9617
9617
9618
9618
9621
9622
9624
9626
9626
9627
9628
9629
9629
9630
9631
9632
9633
9633
9633
9633
9634
9637
9638
9639
9640
9640
9641
9641
9642
9643
9644
9644
9645
9647
9647
9647
9647
9648
9649
9650
9651
9651
9651
9653
9655
9655
9658
9661
9663
9664
9665
9666
9666
9666
9667
9667
9667
9667
9669
9670
9670
9670
9671
9672
9672
9673
9673
9673
9673
9674
9674
9675
9675
9675
9675
9676
9678
9681
9682
9682
9683
9683
9685
9687
9687
9687
9688
9688
9688
9689
9691
9693
9693
9695
9698
9698
9700
9700
9701
9703
9703
9703
9705
9706
9706
9707
9708
9712
9712
9712
9713
9713
9714
9715
9717
9717
9719
9720
9720
9720
9721
9722
9724
9725
9726
9727
9728
9729
9729
9730
9731
9731
9732
9732
9733
9734
9734
9735
9737
9738
9739
9740
9741
9742
9742
9742
9743
9743
9744
9744
9744
9749
9750
9750
9752
9753
9753
9753
9753
9753
9754
9755
9756
9756
9758
9759
9760
9764
9765
9766
9766
9767
9768
9768
9769
9771
9772
9773
9773
9774
9775
9775
9777
9777
9779
9783
9783
9786
9788
9790
9792
9793
9794
9794
9797
9800
9801
9801
9802
9803
9804
9807
9808
9808
9809
9810
9810
9810
9810
9811
9812
9815
9816
9817
9819
9819
9821
9821
9821
9821
9822
9822
9823
9823
9823
9823
9825
9825
9826
9827
9827
9828
9828
9828
9831
9831
9831
9832
9833
9834
9835
9835
9837
9838
9840
9840
9841
9843
9844
9844
9844
9845
9846
9846
9847
9847
9847
9851
9852
9853
9853
9854
9857
9860
9861
9861
9861
9862
9863
9863
9864
9865
9866
9866
9869
9869
9869
9872
9873
9874
9875
9876
9876
9876
9876
9878
9878
9879
9879
9880
9880
9880
9880
9881
9884
9884
9885
9885
9885
9887
9888
9889
9892
9893
9893
9894
9894
9894
9895
9897
9898
9898
9899
9899
9901
9902
9902
9902
9902
9903
9903
9903
9904
9904
9905
9905
9905
9907
9907
9907
9907
9908
9908
9910
9910
9911
9911
9912
9912
9913
9913
9914
9916
9916
9917
9917
9918
9919
9919
9921
9922
9922
9924
9924
9925
9925
9926
9928
9928
9931
9931
9932
9932
9933
9935
9936
9936
9937
9937
9938
9938
9939
9939
9940
9940
9943
9945
9946
9947
9948
9951
9951
9951
9952
9953
9954
9954
9954
9956
9958
9958
9959
9960
9962
9963
9963
9964
9965
9966
9966
9967
9968
9969
9969
9970
9970
9973
9974
9974
9976
9977
9977
9977
9979
9980
9981
9981
9981
9983
9984
9984
9986
9986
9987
9987
9988
9988
9990
9991
9993
9995
9997
9998
9999