10024
10026
10037
10068
10074
10076
10081
10085
10108
10125
10127
10132
10137
10156
10158
10167
10173
10204
10204
10208
10214
10215
10223
10228
10236
10237
10238
10247
10248
10251
10255
10273
10278
10292
10301
10304
10306
10318
10324
10327
10334
10338
10343
10355
10356
10363
10367
10369
10377
10379
10383
10398
10399
10408
10413
10417
10426
10432
10438
10438
10439
10442
10448
10473
10499
10502
10510
10530
10536
10557
10557
10558
10565
10581
10582
10586
10594
10596
10607
10608
10610
10620
10639
10639
10642
10649
10652
10661
10669
10673
10673
10678
10679
10680
10689
10691
10691
10697
10698
10712
10720
10729
10748
10748
10754
10754
10767
10768
10769
10789
10792
10794
10798
10800
10817
10817
10826
10828
10832
10832
10833
10839
10840
10841
10849
10865
10879
10880
10886
10895
10899
10900
10905
10907
10917
10920
10946
10951
10966
10987
10989
10992
11004
11020
11025
11030
11036
11037
11043
11044
11053
11060
11066
11073
11078
11083
11083
11099
11100
11103
11116
11117
11132
11146
11147
11148
11150
11156
11159
11164
11165
11182
11184
11185
11188
11194
11195
11207
11219
11232
11234
11235
11239
11252
11258
11289
11317
11328
11330
11330
11332
11332
11335
11350
11354
11370
11376
11391
11394
11398
11400
11417
11420
11422
11426
11426
11429
11429
11433
11440
11453
11455
11457
11464
11470
11473
11485
11489
11496
11507
11508
11517
11522
11530
11531
11535
11540
11556
11562
11564
11575
11585
11590
11596
11600
11600
11602
11602
11605
11606
11618
11624
11626
11645
11658
11664
11673
11679
11681
11681
11686
11694
11694
11701
11706
11711
11714
11714
11717
11722
11727
11737
11742
11743
11744
11747
11751
11766
11773
11775
11790
11794
11796
11799
11807
11808
11812
11817
11831
11831
11835
11839
11843
11844
11844
11851
11861
11861
11864
11871
11876
11891
11893
11894
11896
11897
11918
11930
11940
11953
11956
11956
11957
11958
11962
11970
12009
12025
12033
12046
12046
12052
12065
12065
12067
12068
12068
12070
12071
12074
12075
12081
12082
12084
12092
12103
12107
12124
12126
12128
12135
12165
12166
12171
12180
12186
12199
12209
12213
12214
12221
12224
12238
12238
12243
12259
12261
12267
12284
12289
12301
12311
12314
12315
12329
12335
12347
12350
12360
12367
12382
12386
12394
12412
12414
12418
12424
12431
12437
12441
12448
12457
12465
12478
12487
12497
12514
12521
12526
12537
12551
12563
12568
12568
12576
12588
12590
12599
12602
12604
12610
12611
12611
12620
12626
12626
12637
12646
12649
12650
12656
12657
12658
12660
12665
12671
12674
12674
12674
12676
12676
12685
12687
12692
12697
12703
12707
12708
12726
12728
12732
12741
12747
12754
12760
12771
12774
12784
12790
12795
12796
12798
12813
12816
12851
12868
12874
12878
12885
12891
12894
12896
12896
12899
12901
12902
12908
12914
12927
12932
12941
12961
12970
12978
12979
12986
13032
13035
13046
13063
13073
13077
13077
13081
13091
13103
13105
13116
13119
13120
13129
13149
13158
13159
13159
13164
13165
13208
13216
13226
13234
13238
13241
13242
13262
13262
13262
13269
13276
13307
13310
13313
13320
13324
13357
13360
13363
13364
13381
13384
13392
13396
13401
13408
13414
13415
13418
13427
13428
13437
13439
13447
13448
13455
13456
13457
13459
13484
13503
13503
13509
13531
13544
13548
13555
13558
13591
13591
13592
13610
13616
13625
13645
13654
13659
13662
13666
13666
13671
13673
13675
13683
13684
13689
13694
13702
13709
13712
13716
13723
13730
13732
13737
13741
13744
13761
13765
13774
13779
13779
13796
13798
13804
13819
13844
13844
13851
13852
13854
13854
13864
13866
13868
13884
13888
13900
13915
13919
13928
13930
13934
13967
13975
13979
13980
13986
14012
14015
14024
14028
14029
14044
14046
14049
14057
14068
14069
14085
14104
14110
14135
14147
14150
14171
14180
14199
14206
14209
14209
14218
14226
14240
14242
14258
14261
14282
14285
14294
14298
14301
14306
14309
14323
14338
14347
14358
14359
14368
14374
14384
14389
14397
14403
14407
14412
14413
14421
14433
14440
14443
14448
14452
14452
14454
14468
14472
14472
14474
14480
14483
14484
14486
14488
14488
14497
14501
14507
14509
14510
14515
14515
14521
14522
14531
14542
14550
14551
14559
14565
14566
14567
14573
14576
14580
14589
14589
14598
14604
14614
14615
14616
14625
14630
14633
14644
14656
14658
14661
14665
14666
14669
14675
14680
14681
14690
14691
14692
14709
14711
14711
14714
14718
14718
14728
14731
14750
14759
14763
14781
14789
14790
14790
14799
14802
14802
14815
14843
14865
14876
14877
14884
14893
14894
14900
14906
14909
14911
14919
14925
14930
14954
14956
14962
14974
14975
14979
14980
14990
15001
15004
15015
15023
15035
15041
15047
15063
15070
15072
15075
15079
15080
15087
15091
15097
15101
15109
15117
15125
15127
15136
15138
15139
15142
15143
15147
15147
15148
15175
15176
15182
15184
15186
15195
15205
15210
15223
15226
15228
15266
15272
15274
15274
15286
15296
15296
15301
15301
15308
15317
15317
15320
15323
15325
15328
15330
15335
15340
15340
15348
15362
15364
15366
15374
15377
15377
15391
15393
15394
15404
15405
15406
15411
15436
15443
15448
15449
15461
15465
15470
15471
15481
15486
15486
15488
15491
15506
15507
15519
15520
15527
15538
15541
15548
15569
15575
15578
15578
15580
15582
15593
15613
15626
15639
15645
15650
15661
15665
15678
15679
15686
15691
15699
15701
15704
15706
15721
15746
15748
15751
15765
15765
15772
15772
15776
15782
15793
15802
15817
15818
15822
15825
15832
15837
15843
15850
15856
15866
15884
15903
15905
15907
15914
15917
15919
15928
15929
15934
15936
15939
15955
15955
15966
15972
15980
15996
16028
16032
16042
16043
16044
16066
16078
16082
16086
16095
16098
16099
16111
16113
16130
16144
16145
16146
16147
16151
16151
16151
16161
16166
16167
16180
16188
16206
16208
16217
16222
16224
16227
16230
16241
16242
16255
16267
16267
16270
16276
16280
16292
16303
16316
16322
16323
16325
16328
16330
16346
16350
16355
16360
16362
16367
16373
16386
16396
16404
16415
16435
16441
16445
16481
16488
16490
16499
16506
16509
16511
16515
16518
16522
16549
16554
16555
16570
16578
16582
16583
16589
16611
16633
16640
16641
16648
16652
16652
16655
16660
16667
16677
16680
16682
16685
16685
16687
16690
16691
16700
16706
16707
16716
16719
16720
16721
16722
16722
16729
16733
16744
16750
16764
16766
16778
16792
16792
16803
16807
16817
16828
16841
16856
16862
16872
16874
16875
16886
16889
16902
16908
16910
16928
16932
16950
16961
16978
16991
16995
16997
17001
17011
17014
17015
17025
17026
17028
17033
17034
17039
17051
17068
17071
17071
17077
17079
17083
17092
17101
17114
17120
17123
17130
17132
17132
17143
17151
17151
17161
17171
17180
17186
17186
17190
17197
17198
17199
17214
17242
17248
17263
17272
17279
17286
17287
17295
17301
17316
17329
17330
17347
17351
17359
17360
17362
17364
17365
17365
17390
17395
17397
17409
17409
17419
17428
17430
17439
17447
17450
17453
17454
17458
17458
17461
17462
17464
17465
17467
17481
17497
17499
17501
17515
17522
17526
17540
17541
17543
17548
17557
17562
17563
17569
17569
17572
17573
17583
17584
17606
17610
17611
17612
17620
17624
17628
17629
17635
17636
17640
17655
17670
17670
17671
17673
17677
17691
17700
17704
17707
17708
17709
17721
17752
17768
17775
17778
17787
17797
17799
17802
17804
17820
17821
17831
17832
17847
17853
17856
17858
17862
17863
17869
17871
17875
17876
17882
17896
17897
17903
17906
17913
17922
17926
17926
17935
17941
17944
17945
17945
17946
17947
17961
17967
17978
18002
18009
18013
18018
18023
18026
18032
18034
18041
18051
18055
18056
18061
18069
18069
18072
18077
18091
18092
18100
18100
18103
18119
18124
18125
18131
18136
18140
18147
18150
18161
18168
18170
18182
18183
18185
18186
18188
18193
18194
18197
18206
18211
18211
18212
18224
18233
18246
18249
18251
18256
18260
18270
18281
18283
18288
18290
18295
18295
18304
18314
18320
18325
18335
18341
18342
18345
18350
18358
18361
18372
18379
18388
18389
18394
18402
18410
18413
18425
18434
18441
18464
18465
18467
18467
18475
18484
18487
18487
18494
18501
18501
18508
18527
18541
18547
18548
18570
18573
18574
18583
18584
18584
18588
18604
18605
18620
18621
18629
18637
18638
18638
18639
18653
18685
18686
18695
18701
18704
18710
18712
18715
18720
18725
18726
18736
18740
18749
18750
18755
18765
18766
18774
18775
18776
18785
18792
18795
18808
18815
18819
18836
18847
18849
18852
18853
18856
18871
18878
18888
18889
18890
18895
18897
18899
18907
18912
18917
18929
18935
18938
18948
18959
18967
18974
18979
18980
18986
18997
19005
19025
19028
19031
19033
19043
19052
19054
19056
19066
19072
19076
19079
19087
19089
19093
19096
19108
19120
19121
19123
19129
19130
19133
19137
19143
19144
19146
19151
19159
19161
19163
19177
19185
19211
19222
19237
19243
19244
19249
19252
19262
19267
19274
19274
19287
19290
19292
19299
19300
19303
19308
19314
19322
19326
19338
19343
19346
19350
19353
19368
19370
19371
19387
19392
19400
19406
19409
19412
19421
19433
19436
19442
19444
19450
19455
19474
19483
19488
19488
19507
19518
19520
19525
19553
19568
19569
19575
19581
19587
19587
19596
19604
19606
19609
19611
19612
19622
19630
19630
19640
19650
19653
19665
19669
19673
19674
19685
19687
19688
19688
19689
19695
19699
19723
19723
19728
19736
19736
19749
19751
19757
19774
19777
19778
19783
19783
19803
19804
19822
19838
19840
19842
19843
19865
19866
19871
19871
19872
19874
19883
19885
19893
19898
19899
19901
19906
19910
19913
19923
19923
19940
19951
19961
19981
19985
19992
19992
20000
20003
20008
20015
20020
20021
20022
20027
20037
20041
20043
20049
20052
20063
20075
20087
20092
20097
20100
20101
20107
20116
20120
20134
20156
20159
20164
20165
20181
20182
20182
20185
20189
20205
20208
20213
20216
20228
20230
20232
20238
20250
20260
20261
20273
20284
20294
20295
20305
20333
20339
20346
20357
20358
20360
20376
20380
20387
20393
20398
20398
20398
20401
20407
20416
20418
20422
20429
20435
20435
20437
20437
20456
20458
20459
20463
20467
20472
20473
20473
20478
20491
20493
20508
20508
20521
20524
20532
20533
20538
20545
20546
20555
20557
20560
20561
20566
20566
20577
20583
20592
20597
20597
20605
20605
20609
20620
20629
20635
20639
20658
20661
20664
20665
20675
20682
20691
20693
20695
20698
20701
20705
20711
20715
20716
20716
20718
20732
20759
20767
20781
20795
20796
20799
20807
20816
20821
20825
20826
20832
20834
20841
20851
20854
20856
20865
20866
20873
20876
20879
20882
20882
20888
20890
20890
20898
20906
20920
20921
20932
20935
20936
20936
20944
20948
20956
20967
20971
20980
21005
21020
21022
21027
21034
21035
21039
21039
21042
21049
21054
21055
21062
21067
21073
21079
21081
21082
21088
21097
21097
21100
21102
21108
21133
21133
21134
21134
21142
21146
21155
21156
21157
21180
21191
21200
21205
21217
21219
21221
21227
21238
21247
21247
21260
21273
21277
21302
21308
21313
21313
21315
21326
21331
21337
21348
21348
21350
21358
21358
21371
21371
21374
21380
21381
21394
21395
21408
21409
21410
21416
21419
21422
21422
21427
21435
21438
21453
21453
21453
21459
21461
21462
21463
21475
21481
21487
21489
21494
21497
21501
21503
21508
21510
21521
21522
21529
21555
21555
21556
21569
21572
21581
21581
21585
21585
21586
21603
21614
21617
21626
21633
21634
21641
21650
21658
21661
21661
21664
21666
21667
21695
21697
21714
21721
21734
21736
21736
21737
21740
21745
21746
21749
21755
21765
21775
21779
21791
21791
21805
21808
21814
21819
21824
21836
21839
21843
21854
21861
21868
21888
21889
21893
21908
21909
21913
21913
21918
21937
21941
21942
21976
21977
21981
21991
22003
22003
22011
22017
22019
22021
22023
22023
22038
22040
22046
22057
22059
22070
22073
22079
22082
22089
22094
22094
22099
22102
22109
22118
22118
22126
22128
22128
22137
22141
22143
22158
22159
22164
22166
22176
22179
22188
22190
22196
22197
22208
22209
22209
22211
22213
22216
22236
22242
22246
22248
22250
22253
22273
22277
22282
22290
22303
22309
22318
22326
22336
22343
22345
22384
22403
22403
22406
22411
22411
22416
22420
22429
22436
22440
22449
22450
22452
22465
22469
22488
22494
22498
22501
22512
22519
22523
22532
22537
22560
22590
22594
22603
22606
22609
22613
22621
22643
22644
22644
22644
22648
22657
22659
22666
22666
22672
22674
22676
22682
22686
22689
22691
22693
22695
22698
22703
22706
22706
22714
22719
22738
22740
22747
22754
22766
22766
22776
22783
22783
22787
22787
22808
22811
22816
22831
22835
22837
22841
22851
22860
22869
22871
22878
22892
22893
22895
22917
22918
22920
22928
22943
22944
22947
22956
22974
22979
22992
23001
23002
23008
23010
23012
23018
23046
23053
23059
23068
23081
23086
23105
23116
23117
23119
23124
23126
23127
23129
23134
23137
23138
23139
23140
23141
23141
23158
23172
23186
23218
23219
23230
23236
23243
23244
23254
23258
23259
23261
23263
23269
23274
23276
23277
23287
23287
23296
23297
23297
23317
23317
23320
23326
23327
23329
23331
23339
23355
23364
23367
23375
23389
23407
23412
23422
23428
23432
23437
23448
23452
23460
23465
23481
23493
23499
23508
23513
23519
23527
23529
23540
23547
23549
23553
23554
23555
23569
23575
23587
23589
23590
23591
23591
23596
23597
23599
23606
23613
23624
23638
23641
23641
23643
23649
23660
23666
23672
23677
23678
23680
23705
23710
23718
23736
23749
23757
23762
23762
23769
23771
23777
23784
23796
23811
23814
23825
23836
23843
23846
23848
23849
23860
23861
23862
23869
23878
23882
23884
23901
23910
23913
23920
23928
23940
23953
23954
23965
23971
23973
23986
23987
24010
24011
24012
24013
24015
24016
24018
24034
24040
24049
24053
24057
24068
24069
24080
24084
24085
24087
24105
24110
24112
24114
24115
24115
24126
24129
24132
24139
24140
24151
24169
24169
24179
24193
24195
24200
24212
24213
24215
24215
24243
24251
24270
24276
24278
24286
24286
24289
24304
24307
24313
24316
24334
24363
24363
24368
24374
24382
24385
24394
24396
24398
24398
24412
24415
24416
24417
24420
24420
24424
24431
24433
24433
24441
24442
24443
24444
24449
24450
24453
24458
24473
24476
24481
24484
24501
24502
24503
24537
24543
24547
24551
24557
24561
24561
24562
24570
24571
24574
24577
24579
24580
24582
24583
24590
24610
24615
24624
24644
24645
24649
24653
24661
24663
24669
24681
24682
24686
24686
24686
24688
24695
24697
24719
24723
24725
24731
24731
24732
24737
24743
24755
24755
24755
24759
24763
24772
24777
24779
24798
24800
24801
24826
24830
24834
24843
24851
24864
24873
24886
24887
24887
24895
24901
24913
24917
24932
24936
24941
24948
24953
24955
24966
24972
24983
24985
24992
25007
25014
25017
25025
25026
25027
25038
25040
25043
25044
25066
25069
25079
25094
25104
25105
25107
25116
25121
25135
25147
25148
25180
25186
25188
25189
25200
25202
25214
25215
25224
25228
25229
25242
25263
25277
25283
25294
25307
25315
25317
25326
25339
25343
25350
25352
25367
25371
25375
25376
25378
25382
25400
25412
25420
25421
25423
25427
25438
25446
25449
25454
25467
25486
25492
25497
25503
25509
25511
25519
25523
25533
25559
25563
25598
25607
25620
25621
25632
25632
25634
25636
25648
25659
25662
25662
25666
25669
25703
25704
25710
25716
25721
25724
25733
25733
25734
25736
25742
25746
25747
25749
25756
25759
25763
25765
25767
25771
25774
25798
25801
25808
25813
25818
25822
25843
25847
25849
25863
25868
25875
25876
25885
25888
25899
25899
25900
25928
25931
25937
25939
25953
25962
25968
25970
25972
25981
25994
26000
26005
26008
26009
26018
26023
26031
26039
26042
26043
26067
26080
26088
26092
26093
26102
26104
26105
26105
26117
26122
26128
26132
26133
26143
26148
26171
26172
26185
26185
26203
26207
26211
26231
26243
26249
26254
26257
26259
26262
26271
26276
26283
26283
26288
26299
26304
26305
26307
26313
26324
26327
26330
26342
26346
26356
26359
26364
26373
26375
26376
26383
26387
26400
26402
26414
26416
26420
26423
26431
26434
26438
26442
26444
26445
26456
26457
26460
26466
26471
26478
26481
26484
26485
26492
26493
26501
26518
26524
26528
26539
26546
26547
26550
26554
26563
26574
26581
26582
26586
26587
26600
26607
26611
26613
26622
26626
26632
26633
26636
26640
26642
26642
26645
26651
26652
26657
26673
26677
26686
26690
26694
26699
26727
26733
26744
26746
26747
26758
26764
26766
26773
26774
26778
26786
26787
26788
26794
26796
26798
26801
26808
26813
26828
26829
26832
26847
26848
26849
26850
26851
26853
26856
26867
26878
26881
26881
26893
26905
26906
26912
26914
26914
26916
26917
26925
26928
26945
26963
26968
26968
26976
26977
26980
26982
26984
26992
26995
26996
27005
27009
27014
27015
27015
27024
27028
27031
27035
27046
27063
27073
27074
27078
27081
27097
27099
27118
27124
27124
27134
27148
27149
27151
27154
27154
27163
27168
27174
27178
27186
27187
27187
27193
27200
27202
27205
27206
27229
27236
27255
27257
27258
27262
27269
27277
27278
27284
27285
27290
27308
27316
27324
27329
27332
27340
27347
27347
27348
27356
27358
27366
27368
27386
27399
27404
27405
27417
27417
27428
27440
27447
27453
27454
27454
27460
27461
27462
27464
27475
27503
27511
27511
27519
27520
27527
27528
27528
27530
27532
27541
27546
27553
27555
27555
27558
27564
27566
27575
27584
27587
27603
27620
27622
27622
27632
27633
27634
27646
27647
27649
27650
27650
27651
27652
27652
27672
27681
27682
27682
27686
27700
27710
27712
27717
27728
27730
27745
27750
27752
27756
27763
27771
27775
27786
27797
27800
27805
27808
27813
27820
27821
27825
27830
27831
27834
27851
27853
27853
27858
27874
27875
27883
27893
27899
27905
27906
27919
27920
27936
27940
27951
27958
27963
27964
28001
28015
28017
28021
28036
28039
28054
28057
28062
28072
28072
28082
28085
28085
28089
28094
28122
28131
28133
28139
28158
28161
28163
28169
28176
28185
28196
28213
28222
28227
28236
28240
28247
28248
28252
28263
28270
28283
28285
28297
28298
28301
28311
28325
28326
28333
28357
28358
28371
28375
28380
28382
28387
28391
28396
28412
28415
28423
28425
28425
28443
28447
28453
28470
28477
28488
28500
28509
28516
28518
28532
28538
28553
28555
28566
28574
28575
28592
28595
28602
28604
28605
28609
28612
28622
28623
28651
28656
28658
28660
28664
28676
28679
28681
28716
28717
28718
28718
28724
28725
28753
28761
28778
28779
28787
28802
28803
28811
28815
28834
28844
28849
28854
28855
28858
28870
28872
28874
28879
28883
28887
28888
28900
28901
28913
28915
28919
28935
28935
28936
28938
28953
28962
28987
28996
29002
29010
29015
29016
29019
29028
29031
29033
29051
29058
29068
29077
29083
29084
29084
29088
29093
29123
29127
29134
29140
29161
29166
29170
29177
29183
29188
29190
29194
29198
29202
29204
29227
29237
29256
29256
29258
29263
29267
29278
29280
29283
29283
29290
29293
29295
29298
29301
29305
29312
29314
29330
29335
29341
29345
29351
29355
29361
29368
29370
29379
29388
29403
29405
29405
29408
29411
29421
29422
29441
29453
29453
29455
29470
29471
29481
29484
29493
29496
29503
29507
29509
29518
29520
29523
29534
29534
29538
29539
29545
29555
29597
29605
29608
29610
29610
29621
29621
29622
29625
29636
29641
29647
29648
29662
29684
29694
29715
29723
29724
29726
29734
29736
29740
29741
29743
29749
29755
29757
29757
29763
29768
29771
29774
29795
29814
29836
29855
29860
29865
29870
29873
29875
29877
29894
29904
29907
29912
29923
29930
29942
29956
29975
29980
29985
29988
29991
29994
30008
30008
30013
30024
30032
30037
30042
30044
30060
30060
30062
30070
30071
30075
30085
30117
30131
30141
30148
30150
30166
30178
30181
30194
30194
30197
30206
30211
30222
30225
30226
30249
30254
30265
30267
30275
30288
30292
30298
30317
30325
30328
30349
30351
30355
30365
30369
30370
30376
30378
30378
30389
30409
30410
30414
30435
30464
30474
30503
30514
30519
30533
30541
30579
30598
30620
30632
30644
30646
30653
30655
30658
30665
30666
30670
30687
30690
30694
30701
30705
30713
30722
30724
30728
30731
30739
30739
30743
30750
30761
30775
30792
30801
30814
30818
30825
30828
30836
30841
30848
30851
30864
30869
30874
30882
30894
30899
30903
30905
30924
30929
30931
30934
30943
30955
30959
30963
30969
30978
30978
30978
30979
30985
30987
30996
31012
31016
31016
31017
31018
31025
31034
31046
31049
31059
31066
31068
31068
31072
31101
31102
31103
31112
31116
31119
31129
31134
31141
31144
31150
31150
31155
31164
31169
31174
31199
31207
31223
31227
31233
31239
31241
31246
31248
31248
31260
31271
31272
31273
31307
31316
31318
31320
31327
31330
31331
31335
31338
31350
31355
31367
31369
31370
31372
31379
31398
31401
31411
31422
31429
31432
31448
31455
31455
31462
31469
31470
31470
31479
31483
31496
31496
31503
31505
31506
31506
31510
31529
31529
31532
31541
31544
31547
31554
31558
31561
31573
31586
31600
31609
31610
31610
31618
31619
31622
31632
31645
31648
31654
31655
31658
31674
31675
31679
31715
31724
31728
31730
31732
31770
31785
31795
31811
31813
31814
31814
31822
31829
31832
31841
31844
31845
31847
31857
31866
31881
31882
31883
31900
31907
31914
31920
31921
31923
31942
31946
31949
31949
31964
31969
31990
32005
32007
32011
32015
32018
32045
32045
32046
32050
32059
32061
32073
32075
32077
32077
32081
32086
32087
32093
32102
32106
32107
32109
32109
32117
32123
32129
32132
32142
32145
32147
32156
32158
32164
32176
32177
32178
32179
32181
32181
32181
32190
32208
32220
32243
32255
32256
32264
32273
32274
32287
32298
32303
32307
32307
32313
32320
32330
32333
32337
32350
32370
32373
32375
32378
32383
32404
32418
32424
32432
32432
32433
32435
32448
32451
32452
32458
32464
32467
32470
32484
32484
32485
32489
32491
32493
32506
32511
32511
32514
32515
32518
32530
32533
32536
32542
32571
32590
32608
32610
32612
32614
32642
32653
32659
32660
32665
32678
32685
32702
32713
32718
32730
32740
32754
32759
32771
32792
32792
32800
32819
32819
32824
32827
32829
32831
32831
32838
32859
32862
32863
32884
32887
32889
32894
32895
32906
32910
32918
32924
32930
32935
32950
32954
32957
32967
32972
32973
33005
33019
33019
33021
33047
33056
33060
33069
33071
33078
33098
33100
33103
33105
33113
33118
33121
33125
33135
33148
33149
33155
33176
33177
33178
33183
33184
33185
33193
33193
33196
33197
33203
33212
33213
33215
33216
33218
33223
33224
33226
33227
33229
33237
33240
33244
33254
33258
33259
33273
33276
33277
33279
33307
33320
33325
33326
33332
33361
33364
33381
33384
33401
33412
33427
33428
33432
33439
33444
33452
33452
33467
33468
33477
33481
33486
33493
33500
33502
33518
33520
33528
33532
33551
33552
33569
33581
33585
33586
33587
33608
33617
33621
33625
33626
33626
33635
33639
33641
33643
33645
33654
33656
33660
33671
33678
33684
33689
33694
33698
33720
33722
33727
33727
33733
33744
33749
33752
33753
33765
33779
33782
33812
33824
33827
33832
33834
33843
33857
33863
33864
33871
33874
33886
33902
33905
33909
33940
33948
33958
33959
33962
33967
33979
33991
34007
34010
34017
34023
34024
34029
34041
34048
34048
34052
34057
34057
34072
34091
34093
34100
34111
34116
34122
34132
34138
34141
34160
34167
34180
34194
34203
34209
34221
34226
34227
34243
34244
34250
34258
34259
34266
34271
34284
34296
34297
34322
34322
34336
34336
34336
34350
34355
34356
34367
34374
34384
34387
34391
34401
34402
34409
34422
34428
34432
34435
34441
34445
34468
34468
34489
34506
34509
34509
34512
34528
34536
34540
34572
34575
34577
34581
34582
34585
34619
34627
34629
34630
34641
34642
34654
34666
34670
34688
34691
34711
34712
34716
34717
34724
34727
34731
34742
34755
34756
34791
34805
34813
34816
34820
34828
34834
34840
34846
34849
34853
34862
34869
34871
34881
34882
34883
34887
34922
34932
34963
34970
34974
34975
34984
34989
34991
34991
35003
35007
35029
35046
35047
35053
35067
35071
35074
35076
35080
35088
35097
35097
35130
35148
35164
35165
35181
35184
35188
35194
35198
35203
35209
35213
35235
35251
35258
35264
35270
35271
35276
35282
35285
35306
35308
35324
35329
35334
35335
35343
35352
35357
35369
35375
35383
35392
35392
35394
35400
35413
35417
35423
35426
35429
35431
35438
35453
35460
35479
35482
35483
35491
35494
35501
35509
35511
35515
35529
35529
35533
35535
35536
35537
35541
35544
35549
35553
35576
35581
35581
35583
35607
35607
35613
35616
35616
35623
35627
35627
35634
35641
35647
35657
35662
35677
35681
35701
35718
35724
35738
35738
35745
35761
35764
35781
35784
35785
35788
35794
35796
35796
35805
35829
35835
35835
35845
35849
35860
35865
35867
35869
35882
35912
35914
35929
35943
35949
35953
35979
35991
36005
36007
36017
36017
36018
36037
36048
36055
36063
36066
36071
36081
36084
36098
36101
36104
36110
36126
36130
36137
36149
36168
36170
36171
36196
36200
36202
36224
36225
36231
36238
36238
36239
36243
36247
36248
36251
36258
36259
36259
36264
36267
36269
36271
36278
36280
36289
36315
36318
36319
36339
36341
36351
36357
36360
36364
36368
36372
36373
36378
36379
36388
36392
36394
36397
36399
36400
36409
36417
36421
36426
36441
36461
36463
36482
36500
36504
36505
36510
36512
36522
36522
36537
36542
36545
36557
36560
36561
36572
36576
36582
36583
36598
36606
36606
36607
36611
36616
36619
36646
36659
36660
36665
36672
36689
36696
36706
36715
36716
36727
36737
36745
36754
36760
36770
36791
36793
36794
36799
36810
36815
36835
36841
36861
36862
36872
36874
36876
36886
36904
36912
36916
36923
36923
36928
36930
36935
36941
36949
36978
36985
36994
37004
37010
37014
37014
37022
37024
37025
37029
37034
37045
37065
37068
37070
37074
37077
37092
37096
37106
37109
37109
37113
37116
37121
37131
37132
37135
37137
37137
37148
37148
37159
37162
37162
37166
37176
37182
37185
37191
37192
37209
37221
37223
37223
37226
37229
37234
37247
37248
37248
37263
37268
37279
37281
37289
37292
37311
37311
37325
37346
37359
37365
37368
37369
37375
37377
37386
37397
37402
37410
37411
37426
37428
37428
37435
37438
37443
37453
37455
37456
37462
37471
37482
37490
37493
37517
37521
37522
37524
37551
37553
37556
37561
37563
37575
37583
37602
37609
37613
37615
37620
37629
37635
37649
37657
37658
37667
37670
37682
37708
37711
37712
37713
37715
37723
37731
37733
37734
37736
37755
37764
37787
37787
37796
37801
37804
37805
37809
37812
37821
37825
37829
37831
37835
37867
37867
37871
37871
37887
37895
37895
37898
37901
37912
37915
37921
37929
37945
37985
37994
38003
38009
38011
38022
38025
38041
38043
38049
38052
38058
38060
38066
38067
38070
38076
38083
38086
38091
38092
38112
38118
38121
38127
38143
38148
38171
38176
38179
38198
38200
38202
38204
38214
38215
38223
38228
38229
38231
38252
38264
38270
38274
38282
38301
38309
38314
38326
38330
38341
38346
38353
38354
38357
38360
38361
38362
38376
38384
38392
38409
38410
38417
38419
38424
38426
38441
38456
38462
38463
38470
38471
38479
38482
38483
38488
38488
38499
38499
38544
38545
38546
38546
38546
38547
38554
38562
38569
38582
38586
38587
38592
38602
38605
38606
38618
38628
38630
38635
38645
38646
38648
38650
38651
38652
38671
38671
38698
38704
38705
38707
38712
38715
38724
38730
38736
38737
38760
38762
38764
38768
38771
38778
38778
38781
38796
38806
38808
38813
38816
38831
38836
38848
38856
38862
38867
38870
38887
38888
38893
38905
38906
38910
38916
38920
38928
38939
38940
38943
38948
38949
38950
38959
38984
38987
38987
38996
39001
39002
39016
39023
39027
39033
39042
39042
39051
39054
39061
39077
39083
39097
39141
39144
39150
39152
39156
39159
39167
39170
39174
39186
39191
39208
39214
39221
39221
39225
39227
39244
39245
39252
39267
39280
39281
39287
39294
39298
39301
39302
39323
39331
39335
39335
39337
39348
39349
39356
39360
39363
39365
39380
39380
39383
39395
39413
39429
39434
39435
39442
39443
39449
39450
39463
39464
39473
39479
39481
39487
39489
39492
39493
39507
39517
39525
39545
39547
39558
39579
39595
39598
39617
39619
39640
39642
39662
39678
39678
39685
39691
39691
39697
39698
39708
39723
39731
39747
39748
39753
39763
39767
39768
39775
39781
39782
39782
39793
39800
39806
39813
39825
39831
39849
39861
39863
39872
39874
39919
39925
39926
39930
39930
39934
39947
39948
39950
39953
39959
39960
39966
39980
39999
40005
40022
40031
40049
40057
40059
40083
40098
40099
40100
40103
40105
40108
40109
40124
40125
40129
40137
40147
40148
40153
40160
40173
40177
40181
40187
40202
40213
40220
40222
40228
40233
40243
40244
40245
40252
40262
40270
40286
40286
40287
40295
40302
40305
40315
40330
40332
40337
40350
40360
40362
40366
40379
40384
40393
40415
40416
40426
40427
40431
40437
40438
40456
40457
40472
40474
40484
40491
40499
40514
40530
40551
40552
40552
40559
40562
40563
40565
40565
40573
40582
40593
40603
40606
40609
40611
40615
40629
40645
40649
40660
40660
40664
40666
40666
40667
40668
40673
40677
40681
40682
40690
40691
40706
40714
40722
40723
40729
40741
40745
40757
40760
40760
40777
40788
40791
40794
40805
40806
40816
40824
40832
40848
40852
40853
40859
40863
40869
40871
40874
40885
40899
40930
40937
40938
40945
40947
40958
40959
40964
40979
40995
41003
41009
41030
41036
41037
41079
41079
41094
41105
41106
41107
41109
41130
41134
41140
41141
41148
41149
41154
41156
41163
41175
41176
41183
41202
41219
41235
41245
41250
41252
41266
41271
41271
41276
41277
41277
41278
41278
41304
41304
41308
41309
41321
41339
41344
41345
41362
41381
41381
41388
41394
41395
41406
41407
41419
41437
41456
41474
41475
41485
41490
41507
41518
41523
41527
41528
41541
41541
41546
41561
41566
41570
41573
41574
41575
41578
41579
41592
41598
41610
41616
41626
41627
41632
41636
41644
41644
41644
41649
41670
41675
41683
41687
41715
41715
41726
41729
41753
41761
41768
41786
41799
41802
41810
41818
41823
41831
41838
41839
41846
41851
41864
41867
41869
41870
41870
41881
41882
41890
41899
41903
41903
41906
41915
41917
41920
41924
41932
41948
41948
41956
41962
41965
41967
41972
41974
41991
42000
42008
42016
42019
42026
42029
42030
42031
42067
42074
42077
42082
42094
42095
42098
42098
42098
42101
42130
42131
42138
42167
42171
42175
42191
42204
42210
42214
42219
42223
42234
42254
42262
42262
42267
42267
42285
42292
42299
42304
42311
42318
42328
42330
42342
42349
42357
42364
42370
42373
42383
42385
42391
42392
42394
42402
42402
42408
42414
42425
42465
42476
42477
42486
42500
42501
42505
42509
42518
42525
42534
42536
42542
42548
42551
42553
42558
42583
42597
42600
42602
42603
42614
42636
42645
42651
42655
42659
42698
42703
42720
42737
42746
42752
42753
42756
42763
42768
42770
42777
42778
42780
42781
42787
42788
42793
42803
42806
42807
42815
42823
42839
42841
42851
42851
42856
42861
42871
42880
42886
42887
42888
42896
42898
42925
42935
42958
42973
42976
42979
42980
42984
42990
42993
42999
43000
43002
43007
43015
43035
43039
43042
43043
43052
43068
43070
43076
43080
43084
43084
43093
43094
43107
43114
43115
43116
43117
43118
43119
43126
43129
43136
43149
43150
43151
43158
43159
43160
43168
43170
43180
43187
43187
43191
43191
43193
43199
43209
43210
43213
43216
43228
43228
43230
43232
43249
43249
43256
43259
43260
43268
43271
43280
43281
43287
43299
43317
43319
43320
43325
43331
43333
43340
43342
43361
43380
43384
43399
43413
43427
43428
43431
43434
43437
43438
43448
43459
43467
43468
43468
43473
43477
43484
43491
43528
43529
43533
43535
43542
43544
43548
43553
43554
43568
43572
43573
43579
43580
43580
43583
43586
43589
43593
43596
43601
43604
43606
43606
43612
43618
43619
43622
43626
43629
43634
43643
43654
43659
43662
43664
43675
43676
43680
43688
43688
43697
43699
43708
43709
43716
43739
43740
43745
43751
43753
43761
43762
43767
43768
43773
43783
43784
43794
43799
43801
43814
43821
43826
43827
43829
43837
43846
43854
43856
43858
43858
43866
43921
43935
43961
43968
43968
43969
43973
43975
43986
43987
43987
43989
43989
43989
43990
43999
44006
44006
44010
44015
44016
44017
44022
44028
44037
44038
44041
44047
44050
44062
44072
44074
44078
44083
44092
44092
44103
44110
44115
44117
44119
44127
44133
44134
44136
44136
44137
44138
44141
44143
44146
44163
44166
44173
44196
44198
44199
44205
44208
44222
44225
44229
44235
44236
44246
44263
44264
44277
44289
44295
44302
44315
44319
44320
44326
44329
44338
44367
44370
44370
44371
44372
44382
44389
44396
44396
44399
44400
44414
44415
44421
44421
44425
44432
44437
44443
44443
44455
44462
44467
44472
44478
44518
44523
44529
44539
44547
44548
44550
44551
44563
44576
44580
44580
44581
44585
44591
44598
44601
44606
44613
44628
44631
44646
44649
44661
44661
44670
44674
44676
44680
44684
44686
44699
44702
44705
44711
44713
44725
44725
44760
44761
44778
44786
44788
44791
44794
44796
44800
44822
44829
44834
44834
44842
44845
44850
44852
44855
44861
44867
44867
44872
44885
44891
44914
44934
44935
44943
44963
44969
44990
45003
45007
45021
45028
45033
45037
45062
45081
45097
45098
45103
45106
45112
45115
45119
45124
45138
45146
45148
45150
45168
45169
45170
45172
45184
45194
45201
45215
45219
45223
45224
45230
45245
45249
45253
45255
45256
45259
45277
45277
45278
45289
45294
45300
45317
45326
45333
45334
45334
45345
45369
45370
45373
45382
45383
45405
45407
45411
45414
45424
45428
45440
45444
45446
45448
45450
45450
45451
45457
45463
45468
45476
45476
45482
45489
45494
45499
45511
45515
45518
45524
45535
45538
45539
45546
45555
45566
45570
45572
45578
45590
45591
45593
45598
45599
45613
45618
45621
45633
45637
45648
45650
45652
45661
45680
45709
45713
45738
45743
45756
45758
45758
45760
45763
45775
45776
45781
45791
45794
45796
45798
45808
45812
45814
45815
45815
45817
45828
45830
45833
45844
45850
45855
45856
45867
45874
45875
45895
45899
45907
45909
45910
45916
45920
45921
45927
45938
45942
45951
45969
45970
45980
45981
45992
46003
46016
46018
46022
46027
46033
46045
46057
46061
46065
46066
46069
46071
46076
46081
46082
46090
46094
46100
46101
46117
46119
46120
46120
46134
46134
46145
46151
46152
46157
46169
46172
46173
46173
46185
46186
46188
46194
46194
46195
46200
46201
46202
46203
46204
46207
46212
46215
46220
46224
46228
46228
46244
46245
46246
46258
46272
46276
46278
46283
46290
46294
46297
46300
46312
46316
46323
46329
46359
46367
46369
46375
46389
46392
46393
46394
46405
46408
46419
46445
46458
46474
46475
46497
46512
46512
46520
46521
46527
46530
46531
46539
46540
46546
46553
46553
46564
46566
46568
46573
46577
46583
46586
46587
46591
46611
46634
46635
46648
46649
46652
46692
46692
46693
46693
46709
46711
46711
46711
46718
46738
46740
46749
46756
46762
46766
46769
46773
46789
46803
46804
46808
46809
46810
46832
46834
46837
46841
46843
46849
46858
46866
46871
46872
46873
46882
46884
46888
46907
46915
46928
46960
46985
47002
47004
47014
47017
47021
47029
47036
47039
47046
47048
47052
47063
47069
47084
47095
47104
47113
47127
47139
47143
47154
47186
47188
47192
47193
47201
47209
47217
47218
47224
47226
47228
47240
47247
47250
47252
47262
47267
47282
47282
47283
47284
47286
47287
47289
47308
47318
47319
47320
47338
47344
47348
47354
47355
47373
47375
47378
47378
47380
47381
47395
47415
47416
47421
47435
47451
47466
47479
47479
47484
47501
47512
47513
47518
47540
47540
47542
47543
47544
47551
47556
47559
47561
47562
47564
47574
47602
47604
47608
47608
47620
47625
47629
47642
47647
47649
47650
47654
47656
47661
47684
47692
47692
47697
47698
47706
47707
47714
47721
47722
47727
47728
47735
47754
47759
47764
47769
47779
47779
47785
47789
47794
47809
47818
47821
47824
47851
47852
47863
47866
47871
47871
47872
47874
47876
47900
47908
47926
47931
47935
47939
47944
47944
47945
47950
47951
47951
47954
47968
47970
47974
47977
47987
47989
47990
47995
48010
48023
48024
48027
48034
48040
48056
48056
48056
48067
48070
48086
48086
48086
48088
48094
48109
48112
48129
48135
48135
48141
48164
48166
48171
48172
48175
48180
48185
48200
48205
48206
48227
48227
48232
48233
48234
48236
48240
48248
48255
48257
48259
48266
48273
48297
48297
48298
48300
48300
48312
48313
48322
48324
48326
48326
48331
48335
48344
48378
48381
48393
48398
48426
48430
48433
48440
48444
48445
48468
48472
48479
48486
48510
48513
48521
48523
48524
48526
48532
48532
48540
48542
48543
48560
48576
48591
48601
48607
48616
48628
48637
48637
48639
48639
48640
48643
48648
48650
48655
48657
48659
48661
48662
48670
48675
48682
48687
48702
48709
48709
48714
48715
48719
48728
48729
48733
48744
48756
48760
48763
48763
48770
48773
48802
48806
48807
48809
48814
48816
48825
48829
48831
48846
48854
48874
48874
48876
48876
48882
48882
48884
48893
48899
48910
48923
48927
48934
48940
48944
48948
48949
48949
48955
48958
48967
48976
48978
48984
48988
48990
49002
49002
49005
49005
49005
49007
49012
49018
49033
49038
49050
49060
49061
49074
49080
49080
49091
49110
49125
49148
49160
49162
49173
49197
49212
49214
49228
49235
49236
49240
49243
49243
49250
49254
49260
49261
49261
49282
49296
49312
49315
49322
49323
49343
49358
49364
49368
49373
49374
49375
49375
49379
49394
49395
49409
49410
49421
49436
49445
49455
49462
49464
49472
49502
49512
49516
49536
49537
49539
49545
49546
49548
49551
49552
49555
49573
49576
49576
49583
49593
49617
49618
49622
49629
49632
49633
49638
49645
49647
49650
49662
49663
49669
49678
49685
49689
49689
49690
49707
49712
49727
49727
49757
49757
49762
49766
49771
49781
49795
49801
49813
49813
49820
49828
49829
49830
49831
49832
49834
49840
49842
49847
49850
49855
49862
49864
49866
49868
49872
49879
49888
49895
49904
49918
49925
49926
49928
49932
49933
49934
49935
49944
49948
49954
49955
49956
49962
49965
49966
49974
49975
49988
50006
50018
50023
50027
50047
50053
50067
50067
50074
50075
50079
50094
50097
50132
50137
50139
50160
50161
50162
50168
50172
50175
50176
50178
50180
50200
50213
50216
50216
50222
50232
50236
50255
50261
50262
50265
50289
50290
50293
50298
50299
50309
50324
50326
50340
50341
50351
50351
50361
50364
50368
50371
50381
50382
50383
50392
50398
50399
50402
50404
50410
50414
50418
50418
50418
50419
50420
50426
50438
50443
50451
50471
50476
50484
50484
50488
50489
50495
50500
50500
50517
50519
50524
50527
50528
50540
50540
50543
50565
50569
50574
50576
50583
50588
50589
50605
50605
50619
50623
50625
50629
50637
50637
50645
50648
50652
50654
50658
50658
50659
50662
50664
50673
50676
50676
50679
50683
50699
50699
50701
50703
50704
50704
50733
50734
50753
50765
50769
50782
50788
50796
50801
50813
50821
50843
50845
50852
50856
50863
50865
50868
50875
50885
50886
50891
50893
50905
50906
50907
50919
50937
50943
50947
50956
50961
50963
50971
50971
50995
51023
51049
51075
51087
51091
51110
51112
51115
51118
51134
51141
51146
51149
51167
51193
51194
51196
51205
51206
51210
51214
51214
51219
51237
51276
51287
51291
51297
51300
51300
51301
51304
51314
51318
51323
51323
51324
51337
51340
51342
51349
51353
51356
51362
51366
51369
51371
51376
51385
51385
51395
51409
51421
51422
51428
51433
51440
51442
51447
51462
51467
51467
51481
51484
51486
51487
51487
51499
51527
51529
51533
51544
51546
51548
51550
51553
51554
51557
51558
51560
51566
51568
51574
51575
51583
51591
51601
51603
51612
51621
51622
51625
51627
51630
51634
51656
51662
51667
51667
51680
51698
51698
51701
51703
51706
51719
51719
51725
51727
51729
51734
51742
51749
51753
51772
51786
51788
51792
51800
51804
51819
51820
51822
51824
51826
51839
51848
51849
51852
51868
51883
51887
51892
51898
51905
51912
51917
51926
51932
51939
51939
51960
51961
51961
51967
51968
51975
51979
51997
52018
52026
52028
52032
52052
52062
52066
52068
52069
52073
52073
52081
52084
52086
52087
52089
52096
52100
52101
52106
52110
52115
52125
52126
52132
52137
52138
52145
52151
52153
52156
52176
52177
52179
52179
52181
52189
52190
52195
52196
52207
52207
52210
52217
52221
52233
52245
52259
52268
52270
52272
52284
52286
52291
52293
52304
52310
52313
52323
52346
52348
52358
52359
52379
52381
52382
52392
52394
52397
52399
52401
52403
52404
52404
52404
52413
52415
52416
52428
52428
52431
52436
52438
52440
52445
52458
52471
52482
52486
52492
52500
52507
52509
52519
52520
52520
52531
52547
52553
52564
52573
52578
52585
52594
52636
52640
52641
52651
52654
52660
52667
52680
52680
52694
52702
52703
52704
52706
52713
52714
52714
52720
52752
52762
52782
52795
52798
52803
52803
52818
52823
52825
52840
52848
52848
52860
52862
52865
52868
52868
52883
52897
52898
52900
52921
52922
52925
52926
52927
52946
52956
52956
52961
52963
52978
52988
52991
52997
52997
53002
53005
53016
53036
53056
53058
53059
53064
53070
53077
53079
53085
53093
53095
53099
53108
53108
53110
53111
53112
53118
53119
53130
53135
53143
53146
53154
53157
53169
53177
53183
53187
53197
53200
53202
53203
53203
53208
53223
53228
53232
53233
53235
53261
53262
53267
53272
53274
53278
53294
53302
53302
53310
53313
53330
53339
53341
53345
53350
53357
53384
53391
53396
53397
53408
53420
53428
53431
53435
53448
53449
53456
53458
53460
53467
53468
53471
53473
53480
53487
53487
53489
53495
53500
53502
53515
53521
53530
53533
53534
53535
53546
53552
53559
53563
53578
53586
53590
53594
53596
53598
53616
53617
53627
53627
53632
53636
53637
53645
53652
53662
53671
53680
53685
53692
53697
53707
53720
53722
53730
53752
53753
53761
53770
53780
53781
53783
53786
53788
53800
53804
53810
53817
53832
53837
53851
53854
53855
53863
53869
53873
53877
53881
53909
53910
53918
53929
53930
53962
53967
53970
53977
53978
53980
54004
54008
54009
54017
54033
54036
54041
54046
54051
54054
54059
54075
54075
54075
54097
54100
54111
54121
54139
54160
54180
54188
54197
54198
54201
54212
54222
54225
54243
54245
54248
54252
54256
54270
54272
54277
54285
54293
54294
54313
54318
54368
54377
54392
54419
54430
54430
54443
54445
54447
54448
54449
54452
54455
54463
54464
54478
54485
54489
54490
54493
54506
54513
54521
54534
54541
54544
54545
54566
54567
54571
54577
54578
54588
54591
54604
54608
54609
54633
54636
54638
54640
54646
54648
54649
54653
54663
54675
54723
54730
54734
54757
54767
54777
54778
54805
54806
54810
54810
54822
54825
54830
54833
54845
54848
54850
54869
54892
54895
54896
54901
54907
54914
54914
54915
54916
54919
54926
54931
54939
54940
54946
54952
54952
54953
54960
54964
54970
54983
54994
55005
55008
55022
55038
55045
55068
55074
55078
55098
55098
55101
55110
55124
55140
55145
55147
55148
55149
55153
55162
55163
55197
55199
55206
55206
55219
55222
55231
55232
55235
55236
55237
55245
55257
55257
55263
55268
55290
55293
55294
55296
55296
55311
55313
55321
55334
55349
55353
55373
55374
55385
55396
55397
55409
55413
55422
55430
55451
55452
55452
55455
55456
55463
55463
55472
55476
55505
55509
55514
55528
55535
55539
55548
55557
55558
55568
55576
55591
55599
55602
55612
55612
55620
55624
55637
55643
55649
55659
55659
55683
55697
55702
55705
55706
55706
55717
55725
55741
55743
55747
55750
55752
55753
55754
55755
55762
55763
55767
55777
55785
55789
55792
55792
55794
55801
55808
55808
55814
55829
55835
55838
55839
55845
55849
55857
55858
55859
55865
55867
55868
55873
55878
55885
55889
55901
55907
55912
55914
55925
55942
55945
55951
55956
55975
55979
55984
55992
56006
56020
56034
56041
56042
56043
56051
56058
56060
56071
56073
56084
56086
56110
56112
56118
56133
56139
56141
56143
56155
56155
56163
56165
56170
56171
56188
56208
56210
56225
56243
56244
56249
56250
56255
56260
56270
56305
56314
56326
56327
56341
56349
56353
56369
56370
56386
56397
56399
56401
56403
56410
56415
56417
56422
56441
56453
56454
56457
56461
56464
56475
56478
56483
56487
56488
56495
56507
56514
56514
56526
56533
56539
56539
56543
56543
56547
56549
56552
56560
56565
56566
56573
56574
56577
56584
56592
56601
56603
56606
56608
56612
56635
56642
56643
56652
56652
56660
56667
56672
56683
56694
56698
56700
56706
56710
56728
56733
56743
56749
56752
56758
56765
56768
56780
56783
56789
56809
56817
56819
56833
56838
56842
56848
56849
56853
56858
56859
56863
56870
56892
56901
56904
56918
56918
56925
56944
56945
56955
56956
56957
56961
56962
56969
56971
56975
56996
57014
57018
57019
57035
57044
57049
57060
57090
57092
57097
57110
57112
57127
57131
57142
57154
57159
57164
57179
57180
57181
57193
57211
57252
57254
57256
57265
57267
57282
57287
57288
57291
57293
57298
57306
57308
57309
57319
57367
57368
57370
57371
57373
57374
57379
57381
57384
57385
57388
57389
57397
57406
57411
57420
57422
57424
57431
57435
57446
57453
57459
57460
57461
57469
57471
57478
57499
57503
57504
57507
57512
57523
57529
57540
57543
57558
57560
57565
57569
57581
57588
57612
57616
57622
57625
57634
57636
57643
57648
57649
57650
57654
57660
57662
57666
57672
57679
57695
57701
57703
57722
57724
57735
57736
57746
57747
57758
57789
57789
57793
57795
57799
57801
57812
57815
57825
57830
57832
57832
57847
57849
57850
57853
57853
57853
57858
57873
57898
57903
57904
57924
57928
57942
57946
57946
57949
57955
57957
57975
57976
57977
57991
58023
58034
58056
58064
58067
58077
58086
58105
58110
58122
58127
58129
58145
58145
58147
58160
58161
58163
58181
58198
58199
58205
58208
58210
58212
58214
58238
58242
58247
58261
58265
58276
58280
58281
58281
58284
58285
58289
58299
58306
58346
58346
58347
58349
58351
58360
58360
58361
58366
58380
58381
58382
58388
58404
58406
58408
58416
58425
58426
58426
58427
58435
58440
58453
58460
58469
58470
58480
58482
58490
58501
58523
58540
58555
58555
58561
58571
58574
58574
58574
58576
58580
58584
58593
58602
58640
58659
58664
58666
58668
58680
58681
58683
58706
58711
58724
58729
58731
58732
58734
58742
58754
58755
58772
58772
58773
58776
58813
58826
58844
58861
58865
58877
58905
58906
58909
58923
58959
58963
58967
58976
58977
58988
58996
59006
59007
59027
59027
59033
59033
59043
59057
59057
59073
59079
59083
59085
59091
59092
59109
59109
59115
59119
59121
59136
59139
59142
59177
59179
59198
59203
59204
59205
59208
59217
59219
59228
59239
59244
59247
59247
59297
59299
59300
59303
59308
59316
59329
59339
59349
59355
59363
59374
59391
59402
59403
59411
59412
59443
59448
59471
59495
59512
59525
59541
59545
59548
59556
59559
59566
59567
59587
59591
59597
59607
59612
59632
59633
59633
59650
59651
59685
59701
59703
59710
59719
59723
59730
59743
59747
59749
59764
59785
59793
59805
59813
59813
59827
59838
59849
59857
59863
59866
59869
59870
59873
59873
59886
59905
59905
59908
59913
59925
59933
59943
59952
59963
59973
59982
60004
60008
60015
60020
60021
60022
60042
60045
60045
60054
60063
60078
60094
60095
60096
60098
60102
60103
60129
60140
60151
60153
60161
60166
60170
60171
60186
60187
60190
60195
60207
60211
60231
60242
60262
60285
60293
60294
60305
60306
60307
60307
60312
60314
60317
60319
60320
60327
60339
60359
60367
60370
60371
60373
60381
60384
60387
60389
60406
60406
60408
60419
60447
60466
60467
60481
60483
60510
60512
60514
60522
60527
60528
60573
60573
60575
60575
60581
60584
60584
60597
60609
60611
60626
60632
60638
60638
60650
60661
60669
60672
60679
60682
60686
60687
60690
60698
60704
60704
60709
60710
60714
60717
60733
60744
60747
60748
60750
60765
60766
60769
60771
60776
60794
60803
60812
60817
60821
60830
60840
60845
60853
60859
60867
60878
60906
60940
60950
60961
60966
60972
60985
60991
61001
61009
61009
61031
61048
61052
61072
61073
61073
61079
61088
61104
61106
61107
61118
61139
61147
61148
61151
61154
61159
61164
61165
61176
61177
61181
61183
61194
61196
61198
61201
61207
61211
61218
61222
61224
61229
61229
61232
61233
61234
61234
61235
61240
61241
61242
61253
61261
61268
61271
61272
61274
61296
61300
61302
61306
61307
61316
61322
61333
61339
61346
61353
61353
61358
61359
61361
61369
61370
61388
61401
61401
61403
61406
61411
61421
61421
61426
61439
61441
61456
61458
61479
61493
61497
61509
61511
61514
61515
61517
61525
61526
61539
61552
61560
61572
61576
61576
61576
61581
61582
61585
61602
61607
61610
61628
61632
61633
61636
61637
61648
61667
61681
61688
61690
61697
61712
61716
61717
61724
61728
61738
61740
61746
61749
61756
61757
61757
61761
61767
61769
61772
61776
61777
61779
61784
61785
61791
61791
61798
61798
61802
61815
61817
61819
61835
61844
61849
61872
61873
61878
61880
61891
61898
61902
61904
61906
61917
61918
61928
61941
61965
61979
61995
61997
62003
62011
62022
62026
62026
62038
62041
62071
62087
62096
62100
62117
62120
62124
62125
62135
62136
62137
62139
62155
62172
62190
62192
62193
62195
62202
62207
62209
62212
62217
62226
62229
62230
62236
62237
62245
62252
62252
62267
62269
62275
62275
62287
62288
62298
62301
62302
62303
62309
62318
62320
62322
62327
62328
62329
62366
62366
62382
62386
62391
62391
62406
62407
62414
62422
62430
62440
62450
62456
62458
62458
62471
62477
62482
62485
62490
62492
62505
62514
62521
62522
62533
62533
62535
62542
62547
62549
62553
62582
62590
62603
62604
62608
62609
62613
62618
62629
62631
62632
62634
62641
62644
62658
62669
62702
62704
62709
62721
62726
62764
62765
62766
62774
62783
62786
62790
62800
62820
62830
62831
62835
62839
62853
62855
62857
62863
62863
62869
62873
62887
62913
62921
62924
62926
62930
62932
62939
62959
62972
62973
62980
62990
63004
63008
63010
63011
63013
63019
63026
63040
63044
63059
63067
63073
63074
63076
63083
63098
63106
63116
63127
63131
63136
63150
63170
63178
63179
63183
63183
63185
63187
63190
63212
63236
63244
63246
63258
63260
63267
63268
63276
63280
63282
63315
63315
63318
63329
63339
63340
63347
63354
63372
63376
63382
63389
63392
63414
63418
63420
63421
63423
63429
63470
63479
63499
63501
63507
63523
63526
63532
63532
63534
63537
63539
63547
63555
63563
63565
63569
63571
63575
63583
63593
63600
63623
63633
63636
63646
63655
63667
63676
63676
63678
63679
63686
63688
63691
63691
63692
63694
63698
63709
63718
63722
63743
63756
63757
63765
63766
63767
63768
63771
63774
63775
63784
63785
63800
63808
63822
63828
63838
63853
63869
63880
63882
63898
63902
63916
63921
63929
63944
63945
63951
63975
63975
64009
64009
64019
64019
64022
64024
64025
64034
64035
64045
64051
64053
64057
64060
64069
64072
64078
64081
64096
64102
64102
64115
64116
64134
64149
64172
64175
64183
64184
64200
64210
64210
64211
64217
64224
64232
64239
64242
64258
64259
64260
64269
64297
64318
64322
64336
64352
64355
64362
64370
64373
64375
64377
64386
64403
64407
64413
64433
64437
64448
64448
64449
64451
64453
64453
64475
64510
64527
64533
64537
64537
64539
64542
64554
64562
64563
64568
64570
64573
64584
64592
64592
64593
64598
64613
64617
64622
64630
64633
64635
64641
64643
64644
64652
64657
64664
64682
64682
64685
64693
64696
64698
64698
64699
64707
64724
64730
64730
64733
64749
64766
64774
64779
64801
64808
64822
64828
64832
64856
64858
64882
64884
64892
64898
64914
64922
64924
64925
64937
64947
64958
64959
64964
64966
64995
64997
65015
65016
65017
65018
65020
65021
65044
65045
65068
65072
65077
65083
65087
65092
65100
65110
65111
65129
65131
65135
65136
65155
65160
65160
65174
65180
65181
65183
65184
65187
65191
65195
65197
65208
65213
65223
65228
65253
65254
65260
65261
65270
65270
65276
65285
65288
65295
65315
65318
65319
65320
65335
65338
65341
65356
65376
65382
65386
65392
65406
65412
65413
65418
65422
65434
65447
65453
65460
65478
65484
65492
65499
65502
65504
65510
65512
65522
65522
65542
65543
65548
65553
65556
65560
65565
65566
65568
65575
65576
65578
65579
65594
65599
65602
65606
65609
65612
65614
65639
65647
65651
65651
65654
65655
65677
65685
65700
65705
65707
65709
65716
65720
65732
65732
65743
65745
65748
65753
65753
65763
65763
65771
65773
65777
65779
65780
65785
65785
65789
65799
65803
65808
65817
65818
65824
65831
65837
65842
65869
65872
65888
65889
65889
65904
65906
65906
65914
65916
65922
65928
65937
65943
65955
65965
65974
65976
65977
65991
65999
66005
66010
66016
66017
66022
66023
66033
66037
66037
66041
66047
66051
66056
66057
66069
66070
66073
66074
66089
66092
66104
66107
66111
66112
66117
66166
66181
66190
66196
66197
66202
66207
66208
66216
66235
66238
66240
66241
66266
66274
66274
66285
66293
66306
66311
66311
66320
66321
66322
66332
66341
66346
66346
66355
66355
66356
66375
66376
66377
66380
66424
66425
66435
66440
66444
66450
66451
66451
66465
66467
66477
66479
66496
66503
66514
66529
66546
66561
66574
66580
66582
66585
66589
66589
66600
66600
66608
66625
66654
66657
66663
66673
66679
66682
66684
66687
66707
66709
66733
66741
66743
66750
66762
66773
66785
66787
66801
66808
66823
66828
66832
66837
66845
66846
66851
66852
66853
66856
66890
66892
66895
66897
66900
66907
66908
66918
66926
66930
66937
66939
66940
66942
66943
66957
66976
66978
66992
67003
67007
67007
67014
67019
67022
67027
67036
67045
67046
67046
67060
67062
67064
67070
67072
67073
67077
67079
67099
67100
67105
67109
67114
67125
67134
67138
67138
67144
67151
67163
67176
67193
67219
67230
67236
67236
67246
67254
67255
67263
67271
67271
67283
67285
67290
67290
67298
67299
67299
67302
67306
67309
67311
67314
67314
67315
67316
67319
67327
67331
67339
67339
67348
67355
67355
67357
67370
67373
67402
67406
67406
67412
67413
67419
67422
67427
67429
67435
67449
67472
67489
67502
67511
67511
67531
67532
67534
67534
67535
67536
67542
67549
67574
67580
67581
67602
67605
67609
67613
67626
67634
67638
67643
67643
67649
67654
67668
67672
67679
67682
67686
67688
67693
67699
67706
67715
67719
67722
67723
67728
67729
67734
67745
67749
67753
67765
67780
67780
67783
67787
67790
67790
67795
67795
67798
67798
67800
67802
67819
67820
67825
67833
67846
67849
67851
67865
67867
67869
67875
67877
67898
67906
67907
67908
67925
67926
67929
67936
67945
67982
67983
68002
68003
68003
68010
68026
68029
68033
68058
68070
68074
68075
68090
68093
68100
68105
68106
68116
68120
68135
68138
68173
68177
68177
68179
68180
68181
68200
68201
68226
68228
68235
68240
68255
68258
68265
68267
68275
68275
68276
68290
68303
68304
68309
68312
68314
68315
68333
68345
68353
68353
68355
68359
68377
68382
68395
68403
68419
68419
68435
68438
68450
68459
68479
68479
68501
68527
68533
68534
68541
68559
68561
68565
68567
68593
68593
68593
68599
68600
68603
68631
68641
68645
68648
68656
68658
68666
68673
68677
68679
68682
68684
68689
68690
68690
68697
68703
68705
68706
68707
68719
68733
68736
68736
68740
68745
68748
68751
68751
68757
68774
68779
68780
68783
68784
68789
68790
68796
68798
68799
68800
68802
68803
68805
68806
68811
68811
68814
68820
68822
68829
68829
68831
68843
68845
68866
68868
68878
68880
68881
68887
68899
68899
68919
68923
68924
68936
68938
68951
68956
68958
68961
68963
68969
68977
68987
68987
68988
68990
68994
69003
69007
69007
69019
69021
69025
69031
69039
69042
69043
69066
69066
69068
69070
69074
69074
69079
69094
69100
69100
69102
69104
69115
69126
69127
69136
69138
69162
69172
69193
69194
69199
69199
69206
69210
69211
69212
69219
69219
69225
69229
69258
69259
69260
69262
69277
69280
69309
69324
69329
69338
69338
69347
69358
69377
69386
69398
69399
69401
69406
69419
69424
69428
69452
69453
69466
69494
69506
69510
69520
69521
69523
69525
69533
69538
69548
69549
69557
69561
69581
69589
69606
69607
69614
69619
69620
69626
69632
69633
69642
69644
69648
69656
69656
69657
69667
69669
69678
69693
69703
69713
69716
69721
69723
69724
69753
69774
69774
69774
69774
69776
69780
69789
69819
69829
69836
69844
69856
69861
69865
69873
69884
69895
69899
69901
69906
69915
69924
69929
69931
69942
69944
69948
69957
69983
69985
69986
69991
69996
70011
70013
70034
70050
70057
70068
70077
70081
70082
70095
70100
70104
70123
70126
70131
70137
70150
70153
70177
70185
70213
70216
70218
70218
70248
70249
70252
70261
70272
70281
70302
70309
70317
70326
70346
70352
70358
70364
70369
70371
70382
70382
70389
70391
70393
70402
70408
70412
70420
70428
70431
70439
70444
70464
70468
70475
70501
70506
70508
70512
70514
70517
70523
70541
70542
70550
70553
70564
70569
70595
70595
70599
70600
70609
70613
70631
70632
70637
70638
70643
70644
70658
70659
70660
70672
70700
70709
70718
70730
70733
70753
70755
70755
70758
70762
70765
70772
70776
70778
70797
70801
70803
70803
70805
70805
70811
70813
70826
70829
70841
70842
70842
70849
70867
70888
70893
70894
70926
70927
70935
70940
70949
70952
70982
70983
70985
70988
70995
70996
70998
71004
71011
71016
71019
71027
71035
71038
71040
71043
71048
71058
71064
71077
71086
71088
71091
71095
71100
71125
71133
71135
71135
71143
71147
71158
71159
71167
71170
71182
71184
71186
71190
71192
71212
71216
71219
71234
71237
71245
71287
71312
71320
71320
71322
71326
71335
71337
71340
71345
71346
71349
71356
71372
71376
71383
71384
71410
71425
71428
71434
71438
71454
71459
71463
71464
71492
71504
71506
71508
71522
71522
71525
71525
71529
71535
71540
71540
71559
71562
71569
71582
71587
71588
71595
71605
71605
71617
71621
71627
71633
71646
71654
71657
71658
71661
71668
71678
71708
71714
71716
71726
71731
71733
71738
71742
71742
71754
71754
71757
71762
71769
71771
71772
71780
71796
71797
71806
71808
71808
71808
71815
71829
71832
71839
71851
71853
71865
71867
71869
71870
71875
71894
71916
71928
71929
71931
71931
71933
71940
71946
71961
71965
71968
71968
71969
71970
71973
71974
71980
71992
72001
72011
72018
72024
72031
72033
72045
72046
72048
72060
72073
72079
72091
72105
72107
72107
72108
72113
72116
72116
72117
72127
72129
72146
72166
72168
72168
72171
72174
72174
72185
72187
72190
72197
72218
72230
72235
72241
72241
72249
72256
72257
72258
72260
72262
72264
72265
72281
72281
72281
72287
72289
72299
72305
72336
72354
72355
72359
72373
72375
72377
72378
72408
72419
72434
72434
72434
72437
72441
72441
72448
72454
72458
72459
72459
72470
72487
72514
72545
72549
72560
72566
72569
72570
72570
72572
72578
72579
72581
72608
72613
72614
72616
72616
72621
72631
72632
72633
72637
72640
72655
72659
72659
72666
72681
72700
72711
72718
72732
72732
72732
72749
72750
72759
72760
72782
72790
72791
72801
72802
72804
72804
72805
72806
72811
72811
72821
72826
72827
72831
72834
72841
72846
72848
72862
72879
72885
72886
72895
72895
72898
72902
72916
72927
72929
72930
72931
72937
72945
72976
73006
73021
73023
73023
73029
73042
73046
73049
73052
73062
73062
73070
73072
73078
73088
73109
73111
73117
73121
73125
73134
73138
73139
73148
73152
73156
73156
73157
73160
73164
73168
73169
73179
73188
73215
73223
73227
73237
73247
73261
73270
73285
73289
73311
73313
73313
73330
73333
73341
73347
73352
73353
73367
73371
73376
73384
73390
73391
73394
73396
73398
73400
73406
73408
73409
73414
73416
73435
73442
73443
73451
73452
73465
73473
73474
73480
73488
73488
73491
73496
73510
73511
73512
73518
73520
73527
73527
73531
73531
73534
73536
73543
73548
73553
73571
73574
73576
73591
73595
73596
73600
73607
73619
73623
73632
73641
73652
73660
73663
73667
73672
73674
73686
73704
73718
73729
73732
73735
73744
73747
73750
73754
73755
73762
73769
73774
73776
73781
73784
73796
73809
73819
73826
73834
73835
73849
73850
73852
73877
73877
73879
73884
73887
73898
73899
73903
73906
73907
73919
73920
73921
73922
73924
73928
73938
73944
73951
73960
73972
73972
73981
73983
73986
73994
73999
74001
74007
74010
74011
74025
74031
74035
74040
74042
74046
74059
74061
74067
74080
74084
74096
74106
74109
74120
74143
74143
74144
74154
74160
74183
74189
74207
74207
74224
74231
74250
74259
74268
74268
74274
74316
74336
74340
74342
74368
74373
74380
74381
74399
74406
74428
74429
74447
74454
74486
74489
74494
74511
74512
74514
74517
74519
74522
74530
74545
74547
74550
74559
74561
74573
74582
74595
74596
74599
74616
74621
74635
74642
74649
74656
74658
74662
74680
74684
74684
74690
74694
74696
74702
74702
74703
74712
74715
74724
74735
74744
74746
74773
74779
74780
74788
74795
74801
74805
74808
74819
74822
74822
74826
74828
74836
74838
74846
74850
74855
74855
74857
74863
74864
74864
74869
74873
74876
74884
74891
74899
74910
74922
74927
74929
74937
74960
74971
74980
74981
74988
74992
74992
74997
74998
74999
75000
75013
75019
75027
75036
75044
75050
75065
75065
75066
75072
75074
75078
75087
75125
75128
75130
75137
75144
75146
75150
75156
75156
75157
75159
75178
75189
75198
75203
75212
75232
75237
75246
75247
75257
75268
75275
75292
75297
75312
75313
75315
75358
75363
75368
75377
75382
75387
75406
75408
75414
75419
75419
75447
75468
75480
75480
75481
75487
75491
75494
75507
75508
75513
75513
75521
75536
75542
75550
75574
75577
75586
75588
75588
75589
75593
75598
75600
75602
75603
75605
75618
75619
75635
75644
75655
75660
75663
75666
75668
75678
75692
75694
75712
75713
75716
75723
75734
75737
75741
75749
75772
75773
75780
75782
75785
75788
75791
75797
75801
75817
75832
75834
75846
75849
75860
75862
75862
75865
75868
75868
75871
75895
75900
75911
75916
75921
75934
75934
75942
75949
75950
75952
75952
75960
75962
75970
75977
75980
75991
75994
75999
76002
76018
76020
76024
76038
76073
76077
76114
76125
76130
76131
76138
76143
76149
76161
76169
76174
76182
76189
76190
76195
76200
76210
76210
76211
76216
76225
76232
76232
76233
76241
76252
76260
76283
76284
76298
76313
76320
76320
76322
76323
76327
76334
76336
76336
76342
76349
76363
76368
76396
76406
76408
76415
76424
76424
76432
76437
76440
76454
76455
76458
76459
76464
76466
76467
76472
76488
76499
76499
76502
76504
76525
76529
76536
76537
76538
76539
76551
76551
76553
76555
76555
76584
76593
76605
76609
76619
76623
76625
76625
76637
76652
76656
76659
76661
76661
76670
76686
76691
76721
76722
76725
76730
76730
76730
76736
76744
76745
76757
76766
76773
76798
76805
76806
76829
76837
76865
76866
76866
76873
76874
76878
76888
76916
76925
76933
76936
76954
76962
76963
76991
77008
77009
77010
77019
77027
77033
77045
77054
77064
77077
77085
77088
77092
77097
77097
77112
77115
77125
77133
77140
77148
77171
77177
77180
77180
77184
77195
77201
77207
77211
77213
77220
77235
77267
77272
77273
77286
77289
77298
77302
77314
77315
77322
77323
77324
77328
77332
77341
77343
77351
77354
77361
77361
77369
77384
77385
77393
77396
77397
77400
77405
77406
77407
77411
77414
77417
77430
77431
77433
77434
77440
77442
77455
77465
77467
77469
77480
77488
77496
77500
77502
77508
77516
77524
77528
77549
77551
77561
77570
77577
77579
77585
77586
77591
77591
77594
77597
77598
77604
77616
77624
77628
77632
77638
77642
77647
77654
77673
77678
77687
77689
77690
77699
77704
77708
77713
77723
77731
77746
77748
77750
77759
77759
77774
77787
77788
77791
77801
77828
77837
77844
77873
77911
77911
77913
77921
77959
77963
77964
77981
77981
77983
77991
78002
78004
78004
78009
78014
78019
78026
78039
78047
78058
78068
78069
78069
78072
78074
78088
78097
78112
78117
78125
78127
78131
78146
78147
78154
78159
78160
78162
78167
78168
78171
78174
78175
78180
78184
78190
78190
78194
78197
78200
78203
78229
78231
78251
78254
78254
78266
78268
78274
78285
78286
78288
78289
78293
78304
78304
78306
78320
78322
78324
78329
78330
78336
78339
78356
78370
78387
78387
78390
78395
78403
78404
78408
78411
78415
78431
78440
78446
78454
78461
78465
78471
78476
78485
78495
78495
78497
78508
78510
78510
78521
78522
78531
78539
78541
78547
78551
78561
78576
78580
78590
78597
78601
78602
78607
78611
78615
78621
78641
78642
78648
78653
78654
78655
78660
78668
78670
78679
78683
78685
78691
78697
78703
78707
78713
78727
78728
78728
78734
78748
78752
78759
78759
78763
78774
78775
78789
78794
78798
78808
78819
78825
78843
78845
78849
78856
78859
78868
78891
78906
78907
78914
78919
78920
78920
78924
78924
78924
78938
78939
78954
78955
78959
78961
78962
78982
78983
78991
79003
79004
79017
79026
79028
79032
79041
79045
79056
79057
79059
79066
79067
79071
79077
79085
79092
79094
79096
79098
79099
79102
79112
79121
79130
79137
79139
79151
79160
79165
79172
79173
79178
79184
79198
79204
79209
79215
79215
79221
79226
79227
79235
79248
79251
79274
79286
79288
79300
79304
79304
79325
79325
79328
79341
79365
79369
79374
79382
79382
79385
79386
79398
79399
79400
79401
79406
79421
79436
79441
79443
79456
79459
79476
79498
79527
79536
79539
79540
79543
79549
79553
79570
79580
79583
79594
79603
79603
79606
79607
79608
79620
79630
79633
79636
79650
79652
79659
79683
79688
79714
79719
79733
79747
79751
79753
79765
79774
79774
79782
79794
79799
79803
79806
79810
79812
79812
79815
79831
79842
79842
79845
79845
79847
79848
79851
79862
79870
79873
79880
79894
79895
79902
79920
79921
79929
79952
79956
79956
79958
79970
79982
79987
79996
79998
79998
80001
80008
80012
80030
80030
80035
80039
80040
80045
80045
80073
80088
80093
80097
80103
80111
80112
80114
80125
80138
80142
80148
80153
80159
80161
80161
80192
80197
80198
80201
80226
80227
80231
80232
80233
80239
80261
80265
80271
80274
80281
80287
80290
80299
80304
80304
80306
80307
80309
80311
80332
80334
80339
80349
80351
80353
80355
80356
80380
80391
80393
80395
80402
80406
80407
80440
80446
80447
80449
80471
80477
80481
80485
80487
80488
80495
80498
80512
80515
80515
80523
80524
80539
80539
80539
80550
80560
80560
80562
80563
80579
80589
80591
80608
80611
80629
80644
80657
80678
80701
80758
80760
80768
80780
80781
80791
80792
80796
80802
80804
80806
80809
80827
80832
80850
80853
80855
80858
80858
80858
80874
80901
80904
80904
80906
80916
80918
80920
80923
80931
80939
80944
80950
80953
80956
80958
80960
80966
80974
80984
80987
80995
80996
81019
81020
81030
81043
81046
81046
81048
81068
81073
81076
81079
81080
81088
81091
81103
81105
81108
81113
81156
81162
81169
81174
81175
81184
81190
81204
81213
81218
81232
81232
81238
81247
81251
81253
81262
81265
81268
81276
81277
81283
81287
81287
81289
81302
81310
81319
81322
81323
81326
81329
81339
81340
81350
81352
81362
81364
81365
81371
81378
81378
81379
81383
81388
81407
81409
81414
81424
81427
81428
81434
81448
81452
81460
81479
81481
81481
81481
81485
81488
81491
81513
81514
81529
81537
81538
81544
81549
81551
81551
81552
81556
81560
81567
81576
81581
81597
81598
81605
81626
81629
81642
81659
81661
81662
81665
81666
81672
81677
81688
81688
81693
81698
81702
81702
81705
81710
81711
81725
81733
81734
81743
81744
81761
81767
81789
81790
81797
81800
81806
81811
81816
81823
81829
81833
81839
81850
81863
81868
81874
81877
81879
81890
81891
81906
81911
81916
81917
81931
81931
81931
81933
81934
81942
81946
81961
81972
81972
81981
81988
82013
82019
82060
82085
82088
82090
82093
82095
82112
82113
82115
82116
82121
82124
82132
82134
82144
82147
82152
82181
82188
82197
82197
82200
82212
82233
82236
82237
82237
82240
82241
82242
82248
82249
82261
82270
82270
82274
82274
82288
82292
82297
82313
82318
82319
82338
82346
82352
82365
82365
82369
82371
82373
82381
82395
82399
82411
82411
82413
82414
82417
82424
82433
82434
82446
82451
82453
82467
82481
82487
82510
82520
82544
82563
82580
82582
82584
82599
82607
82610
82611
82617
82621
82626
82642
82648
82650
82653
82654
82666
82668
82673
82681
82700
82704
82704
82706
82708
82719
82724
82737
82740
82741
82745
82748
82752
82753
82760
82771
82776
82783
82794
82809
82813
82822
82831
82832
82833
82836
82836
82843
82864
82867
82868
82880
82895
82898
82929
82943
82946
82958
82968
82969
82978
82992
82999
83007
83014
83023
83025
83039
83055
83061
83065
83074
83081
83083
83097
83101
83111
83118
83126
83135
83143
83149
83155
83157
83180
83184
83211
83213
83214
83222
83233
83246
83251
83255
83263
83274
83287
83292
83295
83300
83307
83308
83310
83312
83318
83322
83332
83337
83338
83352
83353
83359
83371
83381
83381
83385
83385
83388
83395
83403
83404
83431
83431
83437
83443
83450
83452
83453
83458
83463
83467
83482
83484
83490
83507
83511
83511
83512
83513
83513
83522
83523
83528
83531
83532
83557
83567
83579
83583
83584
83586
83587
83595
83595
83605
83612
83616
83628
83635
83640
83645
83652
83656
83664
83672
83676
83677
83682
83693
83698
83704
83709
83711
83715
83717
83724
83725
83737
83745
83749
83751
83756
83760
83768
83772
83795
83800
83826
83837
83838
83861
83867
83871
83876
83877
83880
83885
83891
83892
83893
83896
83901
83902
83928
83931
83931
83932
83941
83957
83960
83964
83964
83966
83968
83973
83975
83975
83977
83978
83983
83987
83987
83998
84014
84023
84030
84034
84035
84044
84051
84059
84062
84064
84066
84068
84075
84083
84095
84100
84100
84119
84119
84123
84124
84137
84137
84148
84158
84164
84164
84175
84178
84180
84192
84196
84203
84209
84211
84223
84237
84243
84250
84252
84256
84260
84260
84262
84275
84281
84282
84292
84292
84300
84315
84327
84328
84341
84344
84349
84350
84355
84355
84366
84376
84376
84378
84379
84384
84390
84401
84418
84420
84424
84447
84449
84454
84459
84467
84470
84472
84483
84499
84502
84504
84524
84526
84532
84538
84546
84551
84552
84557
84559
84561
84586
84592
84594
84598
84604
84612
84615
84616
84616
84621
84623
84630
84639
84641
84642
84649
84660
84660
84668
84674
84688
84695
84700
84713
84717
84717
84720
84722
84732
84735
84735
84738
84747
84749
84754
84760
84760
84761
84761
84770
84771
84771
84781
84785
84792
84795
84798
84803
84808
84811
84815
84828
84834
84836
84858
84861
84864
84877
84877
84885
84885
84886
84913
84916
84922
84924
84933
84933
84936
84948
84953
84958
84964
84969
84970
84979
84982
84985
84986
84991
84994
84999
85001
85005
85008
85013
85023
85026
85029
85031
85034
85042
85054
85060
85062
85075
85090
85093
85094
85098
85102
85107
85119
85126
85137
85143
85145
85161
85165
85170
85176
85177
85178
85179
85195
85198
85204
85210
85213
85214
85214
85218
85234
85263
85264
85268
85273
85280
85285
85288
85289
85292
85299
85306
85306
85319
85333
85358
85361
85363
85373
85380
85383
85398
85400
85401
85410
85422
85425
85427
85427
85427
85439
85439
85441
85468
85471
85472
85486
85494
85506
85511
85511
85512
85526
85535
85536
85547
85550
85551
85565
85590
85604
85615
85626
85626
85630
85633
85644
85650
85650
85662
85668
85671
85673
85674
85686
85695
85701
85708
85710
85710
85716
85718
85719
85721
85733
85748
85757
85766
85768
85772
85773
85787
85789
85802
85807
85809
85813
85813
85816
85830
85844
85847
85850
85868
85870
85871
85871
85895
85899
85908
85920
85936
85937
85939
85941
85944
85977
85985
85992
86002
86002
86016
86016
86017
86029
86043
86050
86053
86055
86089
86110
86132
86135
86139
86150
86153
86155
86155
86155
86163
86168
86172
86197
86197
86206
86221
86223
86226
86226
86238
86242
86247
86252
86254
86257
86280
86284
86286
86287
86297
86306
86311
86314
86323
86336
86349
86357
86364
86369
86383
86384
86397
86403
86415
86416
86436
86444
86455
86460
86468
86481
86483
86506
86518
86520
86540
86544
86549
86552
86568
86582
86583
86585
86587
86594
86616
86619
86646
86661
86680
86680
86684
86704
86709
86710
86742
86743
86744
86745
86760
86768
86787
86788
86815
86816
86827
86840
86848
86848
86850
86852
86869
86895
86907
86911
86916
86919
86924
86925
86930
86931
86932
86933
86952
86954
86955
86956
86958
86962
86971
86997
87000
87023
87037
87057
87062
87071
87075
87080
87081
87088
87091
87092
87103
87119
87125
87125
87135
87138
87146
87156
87160
87173
87177
87178
87200
87212
87217
87228
87229
87232
87232
87240
87242
87242
87248
87253
87261
87270
87271
87278
87278
87279
87281
87282
87289
87294
87304
87308
87310
87313
87323
87327
87340
87347
87354
87363
87385
87407
87410
87410
87413
87413
87415
87416
87434
87435
87436
87458
87465
87466
87466
87472
87475
87483
87489
87493
87497
87503
87507
87510
87514
87514
87535
87536
87543
87550
87552
87563
87580
87589
87602
87610
87619
87646
87647
87651
87652
87654
87662
87672
87692
87695
87698
87706
87714
87717
87735
87739
87748
87748
87750
87757
87764
87780
87805
87813
87816
87817
87818
87833
87839
87840
87851
87856
87871
87883
87895
87897
87902
87940
87946
87947
87954
87970
87974
87975
87977
87979
87983
87985
87989
87990
87993
87995
87998
88003
88013
88017
88028
88040
88041
88045
88051
88052
88053
88054
88058
88077
88092
88095
88099
88103
88115
88136
88149
88153
88153
88168
88173
88183
88184
88184
88190
88191
88200
88211
88213
88224
88238
88249
88253
88258
88261
88268
88278
88284
88285
88290
88296
88298
88304
88312
88315
88331
88337
88339
88347
88352
88354
88356
88365
88369
88370
88371
88399
88400
88406
88419
88421
88435
88441
88446
88446
88447
88460
88468
88469
88472
88487
88492
88504
88517
88517
88520
88528
88528
88537
88544
88550
88558
88565
88566
88569
88599
88603
88621
88632
88634
88643
88649
88661
88663
88668
88674
88718
88750
88754
88775
88797
88802
88802
88803
88805
88811
88817
88820
88822
88832
88848
88868
88869
88872
88874
88888
88894
88901
88901
88909
88912
88914
88918
88931
88936
88938
88939
88939
88949
88949
88958
88958
88959
88965
88965
88972
88986
88988
88992
88995
88995
88996
89003
89007
89019
89025
89037
89038
89040
89048
89049
89062
89065
89067
89088
89088
89095
89110
89111
89119
89121
89132
89132
89136
89142
89157
89170
89196
89200
89212
89227
89248
89256
89264
89278
89280
89290
89304
89307
89313
89318
89340
89340
89346
89348
89355
89367
89387
89392
89400
89402
89424
89426
89429
89433
89433
89434
89438
89443
89453
89460
89462
89466
89467
89472
89479
89479
89484
89499
89508
89515
89523
89525
89537
89537
89542
89554
89559
89565
89565
89568
89571
89580
89587
89592
89596
89596
89605
89626
89632
89640
89641
89646
89647
89654
89683
89689
89694
89701
89702
89715
89719
89722
89735
89744
89748
89751
89762
89774
89775
89788
89797
89804
89808
89811
89824
89828
89829
89844
89846
89852
89867
89872
89882
89882
89894
89895
89896
89921
89933
89943
89950
89950
89956
89956
89961
89968
89972
89973
89980
89983
89984
89991
89992
90001
90021
90024
90031
90044
90053
90065
90071
90086
90090
90104
90110
90111
90112
90118
90119
90127
90127
90134
90151
90153
90155
90156
90165
90174
90182
90186
90192
90194
90209
90226
90255
90256
90258
90265
90266
90280
90280
90286
90291
90293
90302
90310
90320
90323
90325
90328
90333
90335
90341
90342
90356
90357
90357
90360
90370
90380
90385
90392
90393
90397
90402
90407
90461
90463
90465
90473
90474
90480
90488
90495
90519
90534
90540
90542
90547
90549
90562
90567
90583
90591
90592
90596
90604
90605
90609
90610
90617
90618
90618
90622
90635
90642
90644
90647
90647
90650
90651
90676
90683
90690
90702
90702
90702
90722
90730
90732
90733
90745
90748
90752
90765
90767
90769
90777
90797
90800
90806
90808
90819
90824
90828
90837
90838
90846
90851
90852
90853
90859
90861
90862
90862
90871
90872
90872
90874
90875
90877
90883
90900
90902
90930
90933
90936
90939
90948
90949
90950
90961
90964
90969
90970
90980
90981
90982
90988
90995
91011
91017
91019
91020
91027
91030
91048
91056
91059
91060
91062
91067
91071
91126
91129
91130
91163
91163
91167
91173
91176
91186
91190
91191
91195
91211
91216
91222
91227
91236
91242
91242
91251
91253
91261
91265
91273
91278
91281
91282
91283
91284
91286
91290
91301
91302
91302
91303
91304
91308
91313
91316
91318
91324
91328
91354
91360
91380
91387
91390
91393
91396
91400
91406
91420
91425
91430
91430
91440
91470
91471
91492
91498
91499
91513
91528
91531
91532
91539
91541
91542
91556
91563
91610
91635
91639
91644
91646
91651
91657
91670
91675
91678
91681
91688
91690
91695
91696
91706
91712
91724
91751
91759
91768
91785
91789
91800
91814
91816
91844
91849
91849
91849
91852
91858
91865
91879
91888
91928
91932
91932
91933
91933
91937
91944
91949
91956
91959
91959
91960
91970
91973
91975
91976
91979
91991
91992
91996
91997
91999
92005
92011
92022
92029
92030
92030
92040
92061
92064
92069
92072
92077
92094
92097
92098
92100
92101
92109
92123
92125
92126
92126
92132
92153
92156
92171
92182
92191
92203
92209
92222
92224
92241
92247
92249
92249
92253
92258
92261
92261
92261
92269
92273
92278
92292
92292
92314
92324
92326
92336
92354
92359
92361
92363
92375
92376
92387
92396
92416
92416
92418
92419
92424
92432
92434
92453
92462
92472
92474
92484
92487
92494
92499
92513
92522
92524
92530
92534
92535
92538
92542
92558
92566
92568
92569
92572
92575
92586
92589
92589
92596
92605
92609
92613
92616
92633
92656
92663
92666
92677
92678
92701
92708
92712
92714
92718
92718
92720
92734
92748
92749
92751
92756
92768
92774
92789
92790
92805
92822
92825
92827
92830
92836
92837
92843
92849
92853
92855
92858
92859
92866
92893
92898
92900
92903
92913
92928
92936
92943
92944
92952
92952
92972
92972
92979
92989
93003
93005
93009
93011
93023
93026
93033
93047
93050
93076
93077
93082
93105
93128
93137
93138
93142
93146
93151
93162
93164
93172
93173
93174
93182
93187
93203
93216
93227
93229
93232
93238
93240
93265
93281
93283
93285
93294
93298
93301
93312
93314
93322
93324
93330
93369
93370
93371
93372
93373
93406
93414
93418
93425
93428
93433
93445
93448
93456
93475
93484
93517
93521
93525
93530
93535
93537
93538
93562
93573
93596
93601
93624
93632
93658
93677
93677
93688
93695
93706
93707
93710
93711
93722
93730
93737
93737
93742
93765
93770
93771
93789
93797
93799
93800
93801
93805
93808
93823
93823
93831
93836
93842
93847
93847
93870
93871
93883
93888
93891
93899
93907
93916
93920
93930
93932
93934
93943
93945
93948
93949
93972
93977
93989
93992
93994
93996
94002
94006
94007
94012
94015
94029
94032
94034
94037
94041
94043
94043
94052
94054
94056
94062
94077
94078
94083
94087
94095
94102
94110
94132
94137
94138
94141
94147
94154
94157
94159
94161
94165
94174
94175
94176
94177
94182
94186
94206
94208
94210
94210
94218
94220
94221
94233
94237
94239
94240
94244
94250
94251
94252
94265
94277
94295
94301
94304
94308
94309
94315
94318
94320
94329
94334
94340
94341
94352
94355
94360
94367
94370
94371
94373
94388
94389
94393
94401
94403
94404
94405
94408
94408
94412
94414
94420
94432
94434
94455
94470
94478
94483
94485
94495
94502
94511
94525
94543
94553
94569
94570
94581
94605
94608
94608
94609
94612
94618
94618
94632
94633
94633
94641
94649
94649
94651
94655
94658
94659
94670
94671
94673
94673
94674
94682
94691
94693
94701
94704
94716
94727
94732
94745
94750
94754
94754
94758
94758
94761
94770
94776
94808
94814
94820
94822
94831
94835
94835
94838
94840
94843
94852
94854
94871
94875
94881
94889
94894
94900
94900
94912
94919
94924
94928
94935
94939
94957
94957
94963
94973
94975
94976
94977
94999
94999
95000
95003
95007
95009
95017
95026
95028
95029
95036
95056
95075
95076
95086
95088
95096
95113
95113
95117
95121
95129
95138
95141
95142
95145
95186
95186
95191
95193
95219
95228
95230
95235
95240
95241
95253
95273
95281
95285
95291
95298
95309
95313
95333
95345
95346
95348
95351
95352
95355
95365
95369
95372
95387
95417
95419
95429
95431
95433
95435
95447
95449
95449
95449
95450
95453
95459
95468
95478
95480
95485
95485
95486
95518
95520
95528
95535
95546
95546
95560
95581
95582
95594
95596
95599
95607
95622
95633
95634
95636
95655
95661
95666
95670
95674
95679
95679
95688
95693
95694
95707
95716
95721
95725
95736
95741
95749
95751
95771
95775
95778
95781
95788
95796
95796
95799
95799
95819
95823
95823
95828
95830
95830
95831
95831
95832
95833
95841
95851
95852
95854
95863
95865
95866
95883
95910
95932
95939
95950
95955
95960
95972
95980
95989
95995
95997
96002
96009
96009
96014
96015
96016
96016
96020
96027
96029
96029
96037
96038
96039
96042
96049
96081
96081
96083
96094
96119
96120
96138
96139
96139
96140
96162
96163
96167
96170
96181
96185
96191
96193
96200
96217
96218
96221
96231
96246
96249
96257
96258
96262
96262
96273
96274
96285
96286
96288
96291
96295
96299
96303
96309
96319
96334
96335
96340
96343
96345
96349
96357
96387
96391
96391
96392
96405
96418
96424
96437
96438
96447
96451
96467
96471
96473
96479
96487
96488
96488
96510
96513
96516
96519
96526
96537
96543
96552
96557
96563
96564
96565
96572
96587
96603
96603
96614
96619
96620
96621
96630
96646
96648
96649
96664
96679
96687
96688
96696
96706
96728
96730
96746
96751
96756
96759
96767
96775
96780
96781
96797
96813
96828
96834
96838
96840
96851
96853
96854
96857
96870
96871
96912
96922
96925
96931
96934
96938
96938
96939
96953
96968
96987
96995
97001
97010
97010
97014
97021
97022
97044
97045
97064
97067
97071
97072
97072
97073
97074
97079
97082
97084
97096
97099
97108
97119
97121
97124
97128
97136
97144
97150
97155
97159
97162
97167
97197
97207
97222
97224
97237
97242
97244
97258
97282
97283
97285
97288
97293
97296
97304
97306
97322
97332
97338
97353
97353
97353
97357
97366
97390
97412
97439
97443
97469
97480
97481
97483
97487
97490
97492
97503
97505
97510
97511
97523
97524
97528
97535
97538
97556
97560
97570
97574
97582
97590
97595
97599
97608
97622
97622
97623
97624
97635
97644
97645
97648
97657
97670
97677
97680
97681
97688
97693
97698
97714
97731
97734
97746
97749
97750
97751
97757
97757
97758
97759
97764
97766
97774
97784
97808
97810
97811
97812
97812
97818
97828
97836
97838
97839
97845
97849
97855
97858
97866
97878
97880
97888
97892
97894
97903
97909
97912
97917
97922
97923
97955
97965
97966
97974
97988
98009
98013
98015
98016
98016
98028
98030
98033
98040
98067
98069
98084
98087
98125
98127
98129
98132
98134
98136
98144
98145
98145
98159
98159
98165
98167
98171
98175
98188
98194
98208
98213
98213
98216
98225
98248
98249
98250
98265
98272
98277
98279
98283
98297
98297
98298
98301
98305
98305
98329
98347
98354
98376
98380
98402
98410
98412
98414
98431
98441
98443
98443
98446
98448
98455
98456
98500
98501
98513
98514
98557
98557
98557
98564
98573
98577
98580
98586
98586
98588
98590
98600
98601
98603
98624
98634
98653
98660
98669
98671
98704
98705
98714
98718
98721
98722
98729
98732
98755
98757
98758
98771
98784
98795
98798
98799
98801
98815
98819
98827
98829
98836
98837
98838
98838
98841
98874
98882
98886
98887
98897
98902
98910
98914
98916
98925
98937
98944
98968
98969
98983
98988
98992
98994
99003
99016
99017
99019
99022
99023
99025
99026
99035
99040
99040
99059
99075
99077
99079
99083
99104
99108
99116
99118
99127
99128
99130
99135
99145
99150
99155
99156
99164
99169
99189
99190
99194
99197
99198
99202
99219
99233
99241
99247
99249
99256
99263
99266
99279
99280
99304
99304
99306
99310
99315
99326
99336
99336
99344
99353
99353
99355
99360
99360
99366
99379
99380
99386
99402
99418
99429
99433
99434
99435
99438
99439
99441
99449
99452
99454
99458
99458
99458
99465
99474
99483
99487
99496
99516
99516
99517
99520
99520
99532
99543
99547
99551
99561
99565
99569
99577
99581
99587
99587
99589
99590
99594
99605
99607
99616
99619
99626
99629
99632
99636
99642
99643
99649
99650
99653
99658
99662
99672
99672
99678
99679
99688
99693
99694
99695
99707
99729
99732
99732
99733
99740
99742
99769
99779
99785
99786
99788
99789
99789
99790
99793
99807
99818
99818
99825
99830
99831
99848
99860
99860
99863
99864
99865
99871
99873
99880
99889
99894
99896
99902
99915
99962
99963
99971
99971
99976
99986
99993